
$orca_hessian_file

$act_atom
  0

$act_coord
  0

$act_energy
     -270.710778

$multiplicity
  1

$hessian
45
                    0                  1                  2                  3                  4        
    0      5.7581294384E-01   4.8886101469E-02   3.2285475155E-02  -1.3512669199E-01   4.6555519872E-02
    1      4.8886101469E-02   4.3040695492E-01   1.6126106144E-02   5.2215967674E-02  -1.0947250059E-01
    2      3.2285475155E-02   1.6126106144E-02   6.0001082417E-01   1.7330191401E-02  -1.3691107620E-02
    3     -1.3512669199E-01   5.2215967674E-02   1.7330191401E-02   4.0263144839E-01   7.9667319082E-03
    4      4.6555519872E-02  -1.0947250059E-01  -1.3691107620E-02   7.9667319082E-03   5.9025099128E-01
    5      1.7715642123E-02  -1.2425002035E-02  -8.5903566980E-02  -1.3906871036E-02  -3.1934702133E-02
    6     -3.9452866556E-02  -4.7741981952E-03  -1.1089555074E-02  -1.3404814402E-01  -4.0558049436E-02
    7      6.0890126098E-03   6.2068721149E-03   4.7078572778E-03  -4.3744884953E-02  -1.0050355486E-01
    8      5.2082447829E-03   4.2368844072E-03   4.1422632209E-03  -2.2772571643E-02  -1.9124077347E-02
    9     -2.6425843999E-02  -1.8749448445E-02  -3.1636383864E-03   1.5349889440E-03  -2.1991315439E-02
   10     -2.8411862635E-02  -8.7712871313E-03  -5.4261377716E-03  -1.1767326979E-02  -3.6085717642E-02
   11      4.6381759362E-03  -1.3437211274E-03   4.2951866685E-03   2.1948130100E-03  -7.7087882286E-03
   12     -8.8230218700E-02  -3.4372983196E-02   5.6042477595E-03   4.3273672747E-03   1.8639767896E-02
   13     -3.1180252064E-02  -1.6741300044E-01   1.2784688262E-02   7.5030149292E-03  -3.8448132055E-02
   14      1.3264879546E-02   2.2911996015E-02  -7.4371610962E-02  -2.8984675454E-03  -6.1205810305E-03
   15     -6.1282018635E-02  -2.7101487517E-03   5.1112018150E-02  -5.5077653712E-03   2.2132109800E-04
   16     -2.8783524120E-03  -4.6657717037E-02  -5.9612410930E-04   5.6563211347E-03  -1.9672499665E-03
   17      5.1619501072E-02   2.1514002831E-03  -2.9577937726E-01   2.1534914230E-04  -3.0892017928E-04
   18     -2.2864974573E-01  -5.3871419502E-02  -1.1343355376E-01  -1.5652986913E-02  -7.8792475537E-03
   19     -5.3209841839E-02  -6.3743665895E-02  -3.3073120873E-02   1.7031968134E-02   6.7754304094E-03
   20     -1.1735431722E-01  -3.5722016511E-02  -1.2016350686E-01   6.8223938760E-03   2.1875177474E-03
   21      3.6418582333E-03   2.3261846866E-02  -1.3594754134E-02  -4.8392061779E-02  -1.5725319226E-02
   22     -3.3211838733E-03  -1.3169587455E-02   8.1344989172E-03  -1.5829910422E-02  -2.4939392288E-01
   23     -4.0505753426E-04  -7.5715374192E-03   2.5244807961E-03   9.1338061934E-03   1.1677250226E-01
   24     -4.1041821802E-03   5.2459109976E-03   2.8897460859E-02  -4.5374347967E-02   1.8130391459E-03
   25      1.4557076742E-03  -3.1922559308E-03  -1.9123894136E-02   1.5535299563E-03  -5.9529599175E-02
   26      6.5476524579E-04  -7.2598742623E-04  -5.5603075349E-03   1.4891127326E-02  -4.5590313879E-02
   27     -3.3532976561E-03  -2.2033861602E-03  -2.0167702921E-03  -1.6042130269E-02   6.9777175417E-03
   28     -2.4905313769E-03  -3.0810800652E-03  -1.0774051861E-03  -1.5412729577E-02   5.1932922598E-03
   29     -2.3042763216E-03  -4.8290272197E-04  -3.4857548075E-04  -9.7016937475E-03   3.3059678739E-03
   30      8.3260042129E-04  -3.8264344588E-06  -4.8448741335E-04  -4.3626803394E-03   3.0429069110E-03
   31      4.7931275971E-04  -2.5106106030E-04   3.4242906397E-04  -4.5942785427E-03   8.9544180958E-04
   32     -2.0132406696E-04   7.1677842153E-05   1.3766434893E-05  -4.3934448774E-04   3.7394560035E-04
   33     -4.6795204669E-03   4.3547674507E-04  -2.1997667398E-03  -1.4544904036E-03   2.8853952131E-03
   34      1.8117156759E-03  -4.9290290529E-04   2.8107489455E-04   1.4464154912E-03  -4.0531809069E-03
   35     -9.6341215107E-04   6.3493055422E-04   4.8496672014E-04  -9.7678872657E-04   7.0430428078E-04
   36      8.0456269917E-03  -1.0912069909E-02  -5.5480821690E-03  -1.8871191460E-03  -2.7813027843E-03
   37      1.5817610525E-02  -1.7448418301E-02  -1.0550179959E-02  -1.8358278269E-03  -4.3724297917E-03
   38     -4.0903239167E-03   5.9867385187E-03   3.9307139940E-03  -1.0107202505E-04   1.9196048434E-03
   39      3.0196848357E-03  -2.9534346064E-03   1.8076343457E-02  -9.0290533647E-04   6.8795364972E-04
   40      5.4044025916E-04  -3.4498341322E-03   3.8166349904E-02   1.3565096620E-04   3.9702494474E-04
   41      2.9615726789E-04   6.8508457147E-03  -2.5312914343E-02  -7.1409805254E-05  -5.6236870360E-04
   42     -4.8328409160E-05   5.1991558755E-04  -1.7862946820E-03   2.5751892254E-04   1.0704336550E-04
   43     -1.5770078416E-04   5.2948390624E-04   2.9615011171E-03  -2.8680405535E-04   3.1410716458E-04
   44     -3.5296404963E-04  -6.6594816295E-04  -7.9623425804E-03   2.5769527705E-04  -2.6765501791E-04
                    5                  6                  7                  8                  9        
    0      1.7715642123E-02  -3.9452866556E-02   6.0890126098E-03   5.2082447829E-03  -2.6425843999E-02
    1     -1.2425002035E-02  -4.7741981952E-03   6.2068721149E-03   4.2368844072E-03  -1.8749448445E-02
    2     -8.5903566980E-02  -1.1089555074E-02   4.7078572778E-03   4.1422632209E-03  -3.1636383864E-03
    3     -1.3906871036E-02  -1.3404814402E-01  -4.3744884953E-02  -2.2772571643E-02   1.5349889440E-03
    4     -3.1934702133E-02  -4.0558049436E-02  -1.0050355486E-01  -1.9124077347E-02  -2.1991315439E-02
    5      5.9310880267E-01  -2.4162082396E-02  -1.7409406058E-02  -8.8881473236E-02   2.8058045685E-03
    6     -2.4162082396E-02   5.5171007288E-01  -4.9353449422E-02  -1.9306423045E-02  -9.0034342621E-02
    7     -1.7409406058E-02  -4.9353449422E-02   4.3189916714E-01  -5.0479882489E-03   4.3617106358E-02
    8     -8.8881473236E-02  -1.9306423045E-02  -5.0479882489E-03   5.1486644316E-01  -1.3152330903E-02
    9      2.8058045685E-03  -9.0034342621E-02   4.3617106358E-02  -1.3152330903E-02   5.1449971121E-01
   10      2.5630003168E-03   3.1003853565E-02  -1.9908251811E-01   1.7380017012E-02   9.9235526233E-02
   11      1.9670829008E-03  -1.3388383247E-02   2.2412034902E-02  -5.0643503033E-02   1.0109354795E-01
   12     -7.8011382802E-03  -1.3580348420E-02   1.3748173267E-02  -4.1544504005E-03  -2.0679668537E-01
   13      7.7828699989E-03   2.3350166308E-02  -5.9936801932E-03   8.9287977735E-03   1.2690286033E-03
   14      4.6088759705E-03  -5.0080257636E-03   1.8946587898E-03   1.0113553435E-02  -2.3448149277E-02
   15      2.5058863330E-02   1.1247111686E-03   7.4669624162E-05   2.9601350687E-04  -1.6713654999E-04
   16     -2.3325761253E-02  -7.8449969405E-04   1.5680001242E-04   3.7390527130E-04   3.8034858595E-04
   17     -5.3929902209E-03   2.5411141518E-04  -3.7951240504E-05   1.3186951024E-04  -2.7949033564E-04
   18     -1.1103365236E-02  -3.2098334877E-03   1.9975811827E-03   1.5484719428E-03  -1.2490466298E-03
   19      1.1844967712E-02   3.0797075502E-03  -3.0461228933E-03  -1.5297637325E-03  -1.9306608065E-03
   20      3.0890050661E-03   2.0188596303E-03  -1.4259184913E-04   2.7834043308E-04   1.0983012159E-03
   21      9.0039481970E-03  -3.5168956260E-04  -2.2586867380E-02   1.2651529354E-02  -4.7163334753E-03
   22      1.1337155457E-01   1.2567132075E-03  -1.0786832661E-02   6.9314354076E-03  -1.6648418753E-03
   23     -1.1386236238E-01  -6.7921918179E-04  -1.0602820140E-02   3.9868324674E-03  -1.2266692370E-03
   24      1.4843408385E-02  -1.5168866996E-03  -5.7203036385E-03  -2.8325822821E-02  -4.3801864294E-04
   25     -4.3128536839E-02   9.5212744583E-04  -2.7077366797E-03  -1.6305086319E-02  -4.0897139310E-04
   26     -3.0560043772E-01   2.5851687884E-04  -6.6085509726E-04  -7.8762217161E-03   2.7137596063E-05
   27      1.1533650877E-02  -2.2043978999E-01   4.2904634415E-02   1.1215726385E-01  -5.8700147943E-03
   28      1.0406978590E-02   4.7814737390E-02  -5.8881026744E-02  -3.4498553968E-02   2.6173998164E-02
   29      4.4123608412E-03   1.1402898979E-01  -3.1302818962E-02  -1.1348676934E-01  -6.7843228348E-03
   30     -2.4598603283E-02  -5.3564017912E-02   4.9303367829E-03  -4.6723987660E-02  -2.8227329365E-03
   31     -2.0803265426E-02   6.6465107166E-03  -4.7128067165E-02   4.5674929473E-02   1.0616693569E-02
   32     -8.8160629398E-03  -4.4429384808E-02   3.3082438231E-02  -2.7291006718E-01  -2.5779199796E-03
   33     -8.2234553996E-04   9.3357536953E-03   9.2541503389E-03   1.7185321063E-03  -1.5691321354E-01
   34      1.8615274973E-03  -1.7510039141E-02  -8.3003811355E-03  -4.2274925599E-03  -1.3857322034E-01
   35      9.8464685779E-04   4.2427353808E-03   2.8735315718E-03   1.4602290390E-03  -2.7821617286E-02
   36      4.6123147121E-04  -4.2725179798E-03   1.0775084668E-04  -5.6601461615E-04  -1.3318159252E-02
   37      2.0022364775E-03  -7.0137559323E-04  -6.9547801543E-04  -1.1037416231E-03  -5.6194019358E-04
   38      1.1916257249E-04  -4.5782617506E-04   9.1271873396E-04  -5.4667930906E-04  -4.1417050824E-03
   39      7.6770157264E-04  -1.5991240493E-03  -1.5450967234E-03   1.4806330319E-03  -8.8569481686E-03
   40     -8.2961058025E-04   1.2476301195E-05  -7.6701786562E-04  -2.0061071769E-03   1.2424968360E-03
   41      2.0926693247E-05  -2.3296777212E-03  -9.1158078501E-04  -8.6492306231E-04  -2.1780607867E-02
   42      2.2699803827E-04  -1.0097644165E-04   2.2442525575E-04  -7.1780693500E-05   1.5737758208E-03
   43      6.7820695538E-05  -4.3191956705E-04  -3.7042294189E-04   3.1723741679E-04   1.3542617472E-03
   44      1.4602990095E-04   6.0057524094E-05   2.3237708833E-04   2.3010560665E-04  -6.4807916731E-04
                   10                 11                 12                 13                 14        
    0     -2.8411862635E-02   4.6381759362E-03  -8.8230218700E-02  -3.1180252064E-02   1.3264879546E-02
    1     -8.7712871313E-03  -1.3437211274E-03  -3.4372983196E-02  -1.6741300044E-01   2.2911996015E-02
    2     -5.4261377716E-03   4.2951866685E-03   5.6042477595E-03   1.2784688262E-02  -7.4371610962E-02
    3     -1.1767326979E-02   2.1948130100E-03   4.3273672747E-03   7.5030149292E-03  -2.8984675454E-03
    4     -3.6085717642E-02  -7.7087882286E-03   1.8639767896E-02  -3.8448132055E-02  -6.1205810305E-03
    5      2.5630003168E-03   1.9670829008E-03  -7.8011382802E-03   7.7828699989E-03   4.6088759705E-03
    6      3.1003853565E-02  -1.3388383247E-02  -1.3580348420E-02   2.3350166308E-02  -5.0080257636E-03
    7     -1.9908251811E-01   2.2412034902E-02   1.3748173267E-02  -5.9936801932E-03   1.8946587898E-03
    8      1.7380017012E-02  -5.0643503033E-02  -4.1544504005E-03   8.9287977735E-03   1.0113553435E-02
    9      9.9235526233E-02   1.0109354795E-01  -2.0679668537E-01   1.2690286033E-03  -2.3448149277E-02
   10      5.9460629451E-01  -1.3971176781E-02   1.2134697852E-02  -8.8489534206E-02   5.5686454475E-04
   11     -1.3971176781E-02   1.1713268748E-01  -3.0995983238E-02   1.1447072308E-03  -4.9794743890E-02
   12      1.2134697852E-02  -3.0995983238E-02   5.0867376948E-01  -6.2262141747E-02  -3.4222757326E-02
   13     -8.8489534206E-02   1.1447072308E-03  -6.2262141747E-02   5.8113294682E-01   3.8332928220E-02
   14      5.5686454475E-04  -4.9794743890E-02  -3.4222757326E-02   3.8332928220E-02   4.0228687674E-01
   15     -4.4279090526E-04   8.1234907875E-05  -2.6955077771E-03   1.6368332473E-03   8.7972930858E-03
   16     -3.9561645398E-04  -1.6759560561E-04  -4.2459053292E-03   2.7397993757E-03   2.8770615637E-02
   17      5.0028204091E-04   4.8953049359E-04   1.1070298142E-04  -3.8485486657E-03  -8.7725535005E-03
   18     -9.6661296889E-04  -1.7698941340E-04  -7.6634193981E-03  -8.5842479265E-04  -4.7618029410E-03
   19     -5.5594082771E-03   1.4739936156E-03  -2.5686458516E-02  -6.5463015912E-03  -1.5693630064E-02
   20      1.1184489197E-03   2.3918157481E-04   7.9235335378E-03   3.0761471364E-03   2.6091780619E-03
   21     -2.1869396955E-03  -1.1825927313E-03  -5.2303759701E-03   2.6987306307E-03   1.5358224333E-03
   22     -1.8737224441E-03  -5.5330869632E-04   2.2364653922E-03  -1.8600908904E-03  -1.5525831390E-03
   23     -1.9948224043E-03   1.6162449528E-04   6.4411773292E-04  -1.9801942146E-03  -8.0217814710E-04
   24      9.9271164044E-04  -1.9216466010E-04   1.2018914867E-04  -5.5306404003E-04   3.1288238011E-04
   25      3.6503953819E-04   3.6832008943E-05  -1.3897028206E-04   2.5022298069E-04  -1.7644668505E-03
   26      7.1005165582E-05   2.4356709084E-04   1.9573354293E-04  -1.0468527155E-04  -1.0624502849E-03
   27      4.4456219648E-03   9.4581418117E-04  -1.2969742084E-03   3.3589702228E-04   1.3729724186E-03
   28     -6.8890249595E-03  -1.1653545180E-02  -9.3029746223E-05  -3.5138002620E-03  -4.3087448567E-04
   29      1.6892684167E-03   3.7563548415E-03  -1.0240445532E-03   4.6885918427E-04  -8.9612543969E-04
   30      5.5102679821E-03  -8.6334133249E-03  -9.5685777415E-04   1.2344766262E-03   8.4879019441E-04
   31     -1.0804207383E-02   2.6873297062E-02  -1.2531553555E-03  -3.1820922150E-03  -1.2337352114E-03
   32      6.8834089717E-03   2.1410696078E-04   7.0135955759E-04   3.9907413985E-04  -1.1210828111E-03
   33     -1.3825695387E-01  -2.7185619791E-02  -5.0387900422E-03  -2.2909719914E-02   1.7610735331E-03
   34     -2.4530327790E-01  -1.8423612043E-02   5.5915153622E-03   6.1165965443E-03   1.5320332015E-03
   35     -1.9272821066E-02  -1.3063681292E-02  -1.4617861444E-03  -6.0397384930E-03   2.0959445916E-03
   36      2.4699428512E-02   8.5250648843E-03  -1.1695923957E-01   9.2707361656E-02   5.8504658457E-02
   37      2.4539693908E-03   7.3579876449E-04   8.9293810233E-02  -1.9467817365E-01  -8.2459692682E-02
   38      4.3866031353E-03   4.6482787447E-03   5.5360281080E-02  -8.0802808145E-02  -8.6424053523E-02
   39      2.4438244784E-03  -3.6591664870E-02  -6.6707578335E-02  -1.9064210640E-02  -7.1898632974E-03
   40      4.7080670268E-03   2.5695149707E-03  -1.0256456919E-02  -7.5783585765E-02   2.0990831935E-02
   41      5.6262919035E-03  -2.1238052076E-02  -1.6127927108E-02  -1.3466920602E-02  -1.8262222451E-01
   42      1.5574932217E-03   8.6789943241E-04   2.0346696646E-03   6.1337855978E-03  -8.9197706652E-03
   43      1.1209440409E-03  -1.4029410289E-03  -3.3768103346E-03  -4.3311744575E-03  -5.6874968689E-03
   44     -1.3172226715E-04   1.5923790394E-03   2.5298575626E-02   3.3277955435E-02  -1.5847405731E-02
                   15                 16                 17                 18                 19        
    0     -6.1282018635E-02  -2.8783524120E-03   5.1619501072E-02  -2.2864974573E-01  -5.3209841839E-02
    1     -2.7101487517E-03  -4.6657717037E-02   2.1514002831E-03  -5.3871419502E-02  -6.3743665895E-02
    2      5.1112018150E-02  -5.9612410930E-04  -2.9577937726E-01  -1.1343355376E-01  -3.3073120873E-02
    3     -5.5077653712E-03   5.6563211347E-03   2.1534914230E-04  -1.5652986913E-02   1.7031968134E-02
    4      2.2132109800E-04  -1.9672499665E-03  -3.0892017928E-04  -7.8792475537E-03   6.7754304094E-03
    5      2.5058863330E-02  -2.3325761253E-02  -5.3929902209E-03  -1.1103365236E-02   1.1844967712E-02
    6      1.1247111686E-03  -7.8449969405E-04   2.5411141518E-04  -3.2098334877E-03   3.0797075502E-03
    7      7.4669624162E-05   1.5680001242E-04  -3.7951240504E-05   1.9975811827E-03  -3.0461228933E-03
    8      2.9601350687E-04   3.7390527130E-04   1.3186951024E-04   1.5484719428E-03  -1.5297637325E-03
    9     -1.6713654999E-04   3.8034858595E-04  -2.7949033564E-04  -1.2490466298E-03  -1.9306608065E-03
   10     -4.4279090526E-04  -3.9561645398E-04   5.0028204091E-04  -9.6661296889E-04  -5.5594082771E-03
   11      8.1234907875E-05  -1.6759560561E-04   4.8953049359E-04  -1.7698941340E-04   1.4739936156E-03
   12     -2.6955077771E-03  -4.2459053292E-03   1.1070298142E-04  -7.6634193981E-03  -2.5686458516E-02
   13      1.6368332473E-03   2.7397993757E-03  -3.8485486657E-03  -8.5842479265E-04  -6.5463015912E-03
   14      8.7972930858E-03   2.8770615637E-02  -8.7725535005E-03  -4.7618029410E-03  -1.5693630064E-02
   15      6.3194104125E-02  -1.1155249636E-03  -5.8946508778E-02   7.0618606056E-03   1.0472158774E-03
   16     -1.1155249636E-03   5.3262018769E-02  -1.5937545405E-03   2.3779015047E-03  -2.6518173190E-04
   17     -5.8946508778E-02  -1.5937545405E-03   3.2151510328E-01   4.2593774134E-03   6.3728281853E-04
   18      7.0618606056E-03   2.3779015047E-03   4.2593774134E-03   2.4888774084E-01   5.9078258615E-02
   19      1.0472158774E-03  -2.6518173190E-04   6.3728281853E-04   5.9078258615E-02   6.7005806268E-02
   20     -2.5848280960E-02  -8.2409624124E-03  -1.4999968269E-02   1.2412112011E-01   3.7730836649E-02
   21      1.5507249523E-03  -1.2519856760E-03   2.0274232192E-05  -2.3828614244E-04  -2.5786919012E-04
   22     -5.8677751583E-04   7.9633907075E-04  -4.0547297968E-04   4.4272879057E-04  -2.7049109632E-04
   23     -5.5326948656E-04  -5.0241128941E-05   8.9974615413E-04  -9.9613599512E-05   3.4159843205E-04
   24     -3.6982001037E-03   4.6018092180E-03   9.0979935849E-04   1.1241349754E-03  -1.1898677468E-03
   25      2.6363483588E-03  -2.0181447872E-03  -7.4240878827E-04  -5.8182582780E-04   1.0515373701E-03
   26      8.8449730236E-04  -6.1211159699E-04   1.3115315525E-03   2.6701350478E-04  -1.5630736330E-05
   27      7.2182655047E-05  -6.4427710395E-05   1.6652640282E-04  -9.2575086357E-04   9.0632279103E-04
   28      5.3951850434E-05  -5.9994460769E-05   4.8285213854E-05  -6.0735904803E-04   8.9949070188E-04
   29     -3.6135669195E-04   1.5798361569E-04   1.7155614903E-04  -5.4410349375E-04   2.6712837010E-04
   30     -3.5129182144E-04   1.8355863488E-04   4.9308573422E-04  -1.9806014580E-04  -5.7548571354E-05
   31      5.5071845432E-05   2.2488857584E-04   1.0446747869E-04  -7.0124466399E-05   1.0618267247E-04
   32     -3.4803727516E-04   2.6790449485E-04   1.6729985591E-05  -1.9455407734E-04  -2.0252777470E-06
   33     -7.3954144502E-05  -2.0406462051E-04   1.8325782064E-04  -4.9619854539E-04  -1.4971346769E-03
   34     -5.9394738896E-05   2.0038658066E-05   7.5373749940E-05  -7.4682350623E-05   4.8331109880E-04
   35     -1.1582590792E-04  -1.5626237122E-04   4.8364654284E-06   1.2869919967E-04  -1.3709210501E-04
   36      5.4710433874E-04   1.2301255926E-03  -3.8892495536E-04  -2.8683867872E-05   2.9860314117E-04
   37      2.6329909839E-04   1.1537961959E-03   4.6943274643E-04  -4.0611735018E-04  -1.2109639410E-04
   38     -3.4951181255E-04  -1.2071297293E-04   8.4696280823E-04   2.3704517498E-04   7.1105550358E-05
   39     -3.0791022679E-04  -4.2958770778E-03   1.7355680395E-03   9.1939153054E-04   2.0595641191E-03
   40     -1.2171255982E-03  -6.4523311480E-03   2.6328235277E-03   9.3501111348E-04   2.6982289496E-03
   41     -4.1041054563E-05   3.2218253876E-03  -1.4531804655E-04  -1.3043829182E-04  -1.4106653845E-03
   42      5.3309678410E-04   4.0495921927E-04  -3.2362184217E-04   3.1888376798E-04   3.2968991243E-04
   43      1.4866506698E-04  -5.3744507200E-04   3.5102347181E-04   4.8238386047E-04   5.3228040863E-04
   44      3.0490398349E-04   2.0379766475E-03  -2.9765910017E-04  -1.2469914204E-04  -5.0962971177E-04
                   20                 21                 22                 23                 24        
    0     -1.1735431722E-01   3.6418582333E-03  -3.3211838733E-03  -4.0505753426E-04  -4.1041821802E-03
    1     -3.5722016511E-02   2.3261846866E-02  -1.3169587455E-02  -7.5715374192E-03   5.2459109976E-03
    2     -1.2016350686E-01  -1.3594754134E-02   8.1344989172E-03   2.5244807961E-03   2.8897460859E-02
    3      6.8223938760E-03  -4.8392061779E-02  -1.5829910422E-02   9.1338061934E-03  -4.5374347967E-02
    4      2.1875177474E-03  -1.5725319226E-02  -2.4939392288E-01   1.1677250226E-01   1.8130391459E-03
    5      3.0890050661E-03   9.0039481970E-03   1.1337155457E-01  -1.1386236238E-01   1.4843408385E-02
    6      2.0188596303E-03  -3.5168956260E-04   1.2567132075E-03  -6.7921918179E-04  -1.5168866996E-03
    7     -1.4259184913E-04  -2.2586867380E-02  -1.0786832661E-02  -1.0602820140E-02  -5.7203036385E-03
    8      2.7834043308E-04   1.2651529354E-02   6.9314354076E-03   3.9868324674E-03  -2.8325822821E-02
    9      1.0983012159E-03  -4.7163334753E-03  -1.6648418753E-03  -1.2266692370E-03  -4.3801864294E-04
   10      1.1184489197E-03  -2.1869396955E-03  -1.8737224441E-03  -1.9948224043E-03   9.9271164044E-04
   11      2.3918157481E-04  -1.1825927313E-03  -5.5330869632E-04   1.6162449528E-04  -1.9216466010E-04
   12      7.9235335378E-03  -5.2303759701E-03   2.2364653922E-03   6.4411773292E-04   1.2018914867E-04
   13      3.0761471364E-03   2.6987306307E-03  -1.8600908904E-03  -1.9801942146E-03  -5.5306404003E-04
   14      2.6091780619E-03   1.5358224333E-03  -1.5525831390E-03  -8.0217814710E-04   3.1288238011E-04
   15     -2.5848280960E-02   1.5507249523E-03  -5.8677751583E-04  -5.5326948656E-04  -3.6982001037E-03
   16     -8.2409624124E-03  -1.2519856760E-03   7.9633907075E-04  -5.0241128941E-05   4.6018092180E-03
   17     -1.4999968269E-02   2.0274232192E-05  -4.0547297968E-04   8.9974615413E-04   9.0979935849E-04
   18      1.2412112011E-01  -2.3828614244E-04   4.4272879057E-04  -9.9613599512E-05   1.1241349754E-03
   19      3.7730836649E-02  -2.5786919012E-04  -2.7049109632E-04   3.4159843205E-04  -1.1898677468E-03
   20      1.2674587479E-01  -3.2874579374E-04   1.6147343314E-05  -3.8863746451E-05  -3.1115088086E-05
   21     -3.2874579374E-04   5.1261823683E-02   1.7067954573E-02  -9.0933833214E-03  -5.3935714254E-04
   22      1.6147343314E-05   1.7067954573E-02   2.7145788759E-01  -1.2309913000E-01   4.8942817143E-04
   23     -3.8863746451E-05  -9.0933833214E-03  -1.2309913000E-01   1.1962799925E-01   2.0617672457E-03
   24     -3.1115088086E-05  -5.3935714254E-04   4.8942817143E-04   2.0617672457E-03   5.6343064217E-02
   25      4.6279059853E-04  -1.7200356459E-03   6.0806357181E-03   2.8587544038E-02  -2.4139411043E-03
   26      7.7343002884E-04   8.6149809105E-04  -2.9305371248E-03  -1.4525754375E-02  -1.5883831673E-02
   27      3.8873792935E-04  -7.4332391236E-04  -4.4434120312E-04  -7.0980565047E-05   1.3692611782E-03
   28      5.7457380952E-05  -3.7080211545E-04  -4.8400982005E-04   2.3924356521E-04   1.1778580385E-03
   29      2.4786316221E-04   2.0203721959E-04  -1.1213101275E-04  -1.1393482237E-05  -3.6353864437E-05
   30      4.6629140222E-04   1.6812655623E-03   4.3825335939E-04   4.4321757074E-04  -3.5824444815E-03
   31      7.2778705409E-05   1.0065317344E-03   8.7078442107E-04  -2.6173746485E-05  -4.0956863768E-03
   32      1.5592805673E-04   2.2212262126E-04  -3.7575739718E-04   1.0372224146E-03  -1.9363150167E-03
   33      5.3521496549E-04   8.6034623680E-04   3.0817279815E-04   2.1484931485E-04   7.0619049038E-05
   34      1.4896498254E-07  -1.2233878459E-03  -7.1417264717E-04  -6.5841276152E-04  -1.7553108210E-04
   35      1.9172809102E-04   6.9903579393E-05  -5.0228832914E-05   1.2369727198E-04   2.7324491791E-04
   36     -2.6306616839E-04   7.3764647857E-04  -2.9819710580E-04  -9.6093705853E-05   1.5252202446E-04
   37     -3.3093170872E-04   1.2935050767E-03  -9.8323794686E-04  -4.5929648250E-04  -7.3244504020E-06
   38     -2.0100811020E-05  -2.9538730940E-04   3.3353456047E-04   1.1334614154E-04  -1.8448824361E-04
   39      3.7281861434E-04   5.4609913645E-04  -6.6567232863E-05  -2.9006576653E-04   7.3477358452E-05
   40     -2.9228648673E-04  -3.0171404279E-05   2.7488130256E-04   6.5326461855E-04  -5.1329370106E-05
   41      7.8470587206E-04   5.5076083181E-06   3.1792741981E-04   6.9516933845E-04  -4.8808961978E-04
   42      8.5646558161E-05  -6.8336298548E-05  -7.0335652269E-06   3.9277830566E-05   1.6926632385E-07
   43      1.1160258535E-05   3.9457989501E-06   5.5539734231E-05  -1.2122764627E-04  -1.5297430286E-04
   44      1.0720454849E-04  -1.0046353649E-04  -5.6246002825E-05   7.0433802209E-05  -1.9570259841E-04
                   25                 26                 27                 28                 29        
    0      1.4557076742E-03   6.5476524579E-04  -3.3532976561E-03  -2.4905313769E-03  -2.3042763216E-03
    1     -3.1922559308E-03  -7.2598742623E-04  -2.2033861602E-03  -3.0810800652E-03  -4.8290272197E-04
    2     -1.9123894136E-02  -5.5603075349E-03  -2.0167702921E-03  -1.0774051861E-03  -3.4857548075E-04
    3      1.5535299563E-03   1.4891127326E-02  -1.6042130269E-02  -1.5412729577E-02  -9.7016937475E-03
    4     -5.9529599175E-02  -4.5590313879E-02   6.9777175417E-03   5.1932922598E-03   3.3059678739E-03
    5     -4.3128536839E-02  -3.0560043772E-01   1.1533650877E-02   1.0406978590E-02   4.4123608412E-03
    6      9.5212744583E-04   2.5851687884E-04  -2.2043978999E-01   4.7814737390E-02   1.1402898979E-01
    7     -2.7077366797E-03  -6.6085509726E-04   4.2904634415E-02  -5.8881026744E-02  -3.1302818962E-02
    8     -1.6305086319E-02  -7.8762217161E-03   1.1215726385E-01  -3.4498553968E-02  -1.1348676934E-01
    9     -4.0897139310E-04   2.7137596063E-05  -5.8700147943E-03   2.6173998164E-02  -6.7843228348E-03
   10      3.6503953819E-04   7.1005165582E-05   4.4456219648E-03  -6.8890249595E-03   1.6892684167E-03
   11      3.6832008943E-05   2.4356709084E-04   9.4581418117E-04  -1.1653545180E-02   3.7563548415E-03
   12     -1.3897028206E-04   1.9573354293E-04  -1.2969742084E-03  -9.3029746223E-05  -1.0240445532E-03
   13      2.5022298069E-04  -1.0468527155E-04   3.3589702228E-04  -3.5138002620E-03   4.6885918427E-04
   14     -1.7644668505E-03  -1.0624502849E-03   1.3729724186E-03  -4.3087448567E-04  -8.9612543969E-04
   15      2.6363483588E-03   8.8449730236E-04   7.2182655047E-05   5.3951850434E-05  -3.6135669195E-04
   16     -2.0181447872E-03  -6.1211159699E-04  -6.4427710395E-05  -5.9994460769E-05   1.5798361569E-04
   17     -7.4240878827E-04   1.3115315525E-03   1.6652640282E-04   4.8285213854E-05   1.7155614903E-04
   18     -5.8182582780E-04   2.6701350478E-04  -9.2575086357E-04  -6.0735904803E-04  -5.4410349375E-04
   19      1.0515373701E-03  -1.5630736330E-05   9.0632279103E-04   8.9949070188E-04   2.6712837010E-04
   20      4.6279059853E-04   7.7343002884E-04   3.8873792935E-04   5.7457380952E-05   2.4786316221E-04
   21     -1.7200356459E-03   8.6149809105E-04  -7.4332391236E-04  -3.7080211545E-04   2.0203721959E-04
   22      6.0806357181E-03  -2.9305371248E-03  -4.4434120312E-04  -4.8400982005E-04  -1.1213101275E-04
   23      2.8587544038E-02  -1.4525754375E-02  -7.0980565047E-05   2.3924356521E-04  -1.1393482237E-05
   24     -2.4139411043E-03  -1.5883831673E-02   1.3692611782E-03   1.1778580385E-03  -3.6353864437E-05
   25      6.0249988658E-02   5.0774662115E-02   5.6045128739E-04   9.9471298868E-04   3.6759022989E-04
   26      5.0774662115E-02   3.2961012474E-01  -3.2179816610E-04   3.4747020620E-04   1.1243178497E-03
   27      5.6045128739E-04  -3.2179816610E-04   2.4265744384E-01  -5.2953360853E-02  -1.2049539160E-01
   28      9.9471298868E-04   3.4747020620E-04  -5.2953360853E-02   6.2711451113E-02   3.2663082503E-02
   29      3.6759022989E-04   1.1243178497E-03  -1.2049539160E-01   3.2663082503E-02   1.2440488912E-01
   30     -1.8477565576E-03  -1.2661289867E-03   4.3721311910E-03  -4.4943237710E-03   2.6839160947E-02
   31     -1.4153649950E-03  -1.2413949513E-03  -1.1976643205E-03   2.5100101666E-03  -6.8603824096E-03
   32     -1.0113892087E-03   8.7878608768E-04  -2.8151228134E-03   2.7942676293E-03  -1.9222329578E-02
   33     -2.3552646332E-05   2.1556489421E-06   1.5614432427E-04  -9.0985533538E-04   3.6841532615E-04
   34     -2.1722402850E-04  -1.5663056906E-04   4.3147916564E-04   4.8407734858E-04  -3.8362249450E-04
   35      2.2885978813E-04   1.3821712989E-05  -3.4353040888E-04   2.6459840326E-04   1.2053285266E-04
   36     -2.2788575206E-05   6.2599928983E-05  -4.4382596696E-04   1.2144368217E-03  -1.2659916414E-04
   37     -1.4753509328E-05  -1.0588832450E-04   1.7586889242E-04  -1.0076265723E-04   1.1593782016E-04
   38      3.1847431578E-04   1.2246330621E-04  -2.2761362461E-04   1.5955234689E-04   6.4078620031E-05
   39     -1.4542147343E-05  -5.9086235020E-04   5.8404521696E-04   9.2649627396E-04   7.6126348794E-05
   40      1.3490916457E-04   1.0376230470E-03  -2.2092845833E-05   7.1283175088E-06   2.5768983388E-08
   41      1.1881992627E-03   5.0513427360E-04  -2.7208625183E-04   9.4127840401E-04  -3.1476768298E-04
   42      5.3484357165E-05  -6.7103450731E-05  -9.6100744110E-05   2.4524376540E-07  -1.6463216980E-04
   43     -3.1967312671E-05  -7.4947216563E-05   1.1754805283E-04   2.0953607265E-04   1.1645003832E-04
   44      9.9051445250E-05   4.1994988633E-05   2.6372864072E-05  -2.7227164230E-04  -2.1992435601E-05
                   30                 31                 32                 33                 34        
    0      8.3260042129E-04   4.7931275971E-04  -2.0132406696E-04  -4.6795204669E-03   1.8117156759E-03
    1     -3.8264344588E-06  -2.5106106030E-04   7.1677842153E-05   4.3547674507E-04  -4.9290290529E-04
    2     -4.8448741335E-04   3.4242906397E-04   1.3766434893E-05  -2.1997667398E-03   2.8107489455E-04
    3     -4.3626803394E-03  -4.5942785427E-03  -4.3934448774E-04  -1.4544904036E-03   1.4464154912E-03
    4      3.0429069110E-03   8.9544180958E-04   3.7394560035E-04   2.8853952131E-03  -4.0531809069E-03
    5     -2.4598603283E-02  -2.0803265426E-02  -8.8160629398E-03  -8.2234553996E-04   1.8615274973E-03
    6     -5.3564017912E-02   6.6465107166E-03  -4.4429384808E-02   9.3357536953E-03  -1.7510039141E-02
    7      4.9303367829E-03  -4.7128067165E-02   3.3082438231E-02   9.2541503389E-03  -8.3003811355E-03
    8     -4.6723987660E-02   4.5674929473E-02  -2.7291006718E-01   1.7185321063E-03  -4.2274925599E-03
    9     -2.8227329365E-03   1.0616693569E-02  -2.5779199796E-03  -1.5691321354E-01  -1.3857322034E-01
   10      5.5102679821E-03  -1.0804207383E-02   6.8834089717E-03  -1.3825695387E-01  -2.4530327790E-01
   11     -8.6334133249E-03   2.6873297062E-02   2.1410696078E-04  -2.7185619791E-02  -1.8423612043E-02
   12     -9.5685777415E-04  -1.2531553555E-03   7.0135955759E-04  -5.0387900422E-03   5.5915153622E-03
   13      1.2344766262E-03  -3.1820922150E-03   3.9907413985E-04  -2.2909719914E-02   6.1165965443E-03
   14      8.4879019441E-04  -1.2337352114E-03  -1.1210828111E-03   1.7610735331E-03   1.5320332015E-03
   15     -3.5129182144E-04   5.5071845432E-05  -3.4803727516E-04  -7.3954144502E-05  -5.9394738896E-05
   16      1.8355863488E-04   2.2488857584E-04   2.6790449485E-04  -2.0406462051E-04   2.0038658066E-05
   17      4.9308573422E-04   1.0446747869E-04   1.6729985591E-05   1.8325782064E-04   7.5373749940E-05
   18     -1.9806014580E-04  -7.0124466399E-05  -1.9455407734E-04  -4.9619854539E-04  -7.4682350623E-05
   19     -5.7548571354E-05   1.0618267247E-04  -2.0252777470E-06  -1.4971346769E-03   4.8331109880E-04
   20      4.6629140222E-04   7.2778705409E-05   1.5592805673E-04   5.3521496549E-04   1.4896498254E-07
   21      1.6812655623E-03   1.0065317344E-03   2.2212262126E-04   8.6034623680E-04  -1.2233878459E-03
   22      4.3825335939E-04   8.7078442107E-04  -3.7575739718E-04   3.0817279815E-04  -7.1417264717E-04
   23      4.4321757074E-04  -2.6173746485E-05   1.0372224146E-03   2.1484931485E-04  -6.5841276152E-04
   24     -3.5824444815E-03  -4.0956863768E-03  -1.9363150167E-03   7.0619049038E-05  -1.7553108210E-04
   25     -1.8477565576E-03  -1.4153649950E-03  -1.0113892087E-03  -2.3552646332E-05  -2.1722402850E-04
   26     -1.2661289867E-03  -1.2413949513E-03   8.7878608768E-04   2.1556489421E-06  -1.5663056906E-04
   27      4.3721311910E-03  -1.1976643205E-03  -2.8151228134E-03   1.5614432427E-04   4.3147916564E-04
   28     -4.4943237710E-03   2.5100101666E-03   2.7942676293E-03  -9.0985533538E-04   4.8407734858E-04
   29      2.6839160947E-02  -6.8603824096E-03  -1.9222329578E-02   3.6841532615E-04  -3.8362249450E-04
   30      5.8982430770E-02  -8.7207966421E-03   5.2681355985E-02   5.5000066153E-05  -3.4132396473E-06
   31     -8.7207966421E-03   5.7198678280E-02  -4.3012765858E-02  -1.5206002734E-04   1.9177327542E-05
   32      5.2681355985E-02  -4.3012765858E-02   3.0010162864E-01  -4.0767894842E-04   5.6315794695E-04
   33      5.5000066153E-05  -1.5206002734E-04  -4.0767894842E-04   1.5728189510E-01   1.4974803841E-01
   34     -3.4132396473E-06   1.9177327542E-05   5.6315794695E-04   1.4974803841E-01   2.5176733481E-01
   35     -9.3429985935E-05  -8.9595050850E-04  -1.4526193165E-04   2.6638294279E-02   2.0636989520E-02
   36     -2.9463107466E-04   6.8435830775E-04   8.8509579125E-05   7.7014473375E-04  -9.5706181028E-04
   37      2.0756524010E-05   2.4653350620E-04   5.1042231198E-05   7.3733342357E-04   1.3089594935E-04
   38     -9.2171444536E-05   1.9288158008E-04   2.7257498996E-05   4.3377282058E-04  -2.0162323692E-04
   39      1.6972153374E-04   7.0730458543E-04  -3.6218517626E-04  -2.5776336084E-06   2.9064932806E-04
   40     -2.4973876598E-04   5.2858183240E-04   5.0499794797E-06   6.4295698647E-04   3.5986393379E-04
   41      3.2991727224E-05   1.1268539327E-03  -3.4579463749E-04  -6.5926532262E-04  -6.5832812976E-04
   42      3.9566940601E-05  -1.2530866524E-04   8.6898263692E-06   1.2884157054E-04  -7.8133877056E-04
   43      3.0138039908E-05   1.8051422679E-04  -9.6048652724E-05  -1.9926933459E-05  -3.0015615170E-04
   44      9.7157618385E-05  -3.0794985802E-04   1.1517299700E-04  -5.8161482460E-04  -2.4084226165E-04
                   35                 36                 37                 38                 39        
    0     -9.6341215107E-04   8.0456269917E-03   1.5817610525E-02  -4.0903239167E-03   3.0196848357E-03
    1      6.3493055422E-04  -1.0912069909E-02  -1.7448418301E-02   5.9867385187E-03  -2.9534346064E-03
    2      4.8496672014E-04  -5.5480821690E-03  -1.0550179959E-02   3.9307139940E-03   1.8076343457E-02
    3     -9.7678872657E-04  -1.8871191460E-03  -1.8358278269E-03  -1.0107202505E-04  -9.0290533647E-04
    4      7.0430428078E-04  -2.7813027843E-03  -4.3724297917E-03   1.9196048434E-03   6.8795364972E-04
    5      9.8464685779E-04   4.6123147121E-04   2.0022364775E-03   1.1916257249E-04   7.6770157264E-04
    6      4.2427353808E-03  -4.2725179798E-03  -7.0137559323E-04  -4.5782617506E-04  -1.5991240493E-03
    7      2.8735315718E-03   1.0775084668E-04  -6.9547801543E-04   9.1271873396E-04  -1.5450967234E-03
    8      1.4602290390E-03  -5.6601461615E-04  -1.1037416231E-03  -5.4667930906E-04   1.4806330319E-03
    9     -2.7821617286E-02  -1.3318159252E-02  -5.6194019358E-04  -4.1417050824E-03  -8.8569481686E-03
   10     -1.9272821066E-02   2.4699428512E-02   2.4539693908E-03   4.3866031353E-03   2.4438244784E-03
   11     -1.3063681292E-02   8.5250648843E-03   7.3579876449E-04   4.6482787447E-03  -3.6591664870E-02
   12     -1.4617861444E-03  -1.1695923957E-01   8.9293810233E-02   5.5360281080E-02  -6.6707578335E-02
   13     -6.0397384930E-03   9.2707361656E-02  -1.9467817365E-01  -8.0802808145E-02  -1.9064210640E-02
   14      2.0959445916E-03   5.8504658457E-02  -8.2459692682E-02  -8.6424053523E-02  -7.1898632974E-03
   15     -1.1582590792E-04   5.4710433874E-04   2.6329909839E-04  -3.4951181255E-04  -3.0791022679E-04
   16     -1.5626237122E-04   1.2301255926E-03   1.1537961959E-03  -1.2071297293E-04  -4.2958770778E-03
   17      4.8364654284E-06  -3.8892495536E-04   4.6943274643E-04   8.4696280823E-04   1.7355680395E-03
   18      1.2869919967E-04  -2.8683867872E-05  -4.0611735018E-04   2.3704517498E-04   9.1939153054E-04
   19     -1.3709210501E-04   2.9860314117E-04  -1.2109639410E-04   7.1105550358E-05   2.0595641191E-03
   20      1.9172809102E-04  -2.6306616839E-04  -3.3093170872E-04  -2.0100811020E-05   3.7281861434E-04
   21      6.9903579393E-05   7.3764647857E-04   1.2935050767E-03  -2.9538730940E-04   5.4609913645E-04
   22     -5.0228832914E-05  -2.9819710580E-04  -9.8323794686E-04   3.3353456047E-04  -6.6567232863E-05
   23      1.2369727198E-04  -9.6093705853E-05  -4.5929648250E-04   1.1334614154E-04  -2.9006576653E-04
   24      2.7324491791E-04   1.5252202446E-04  -7.3244504020E-06  -1.8448824361E-04   7.3477358452E-05
   25      2.2885978813E-04  -2.2788575206E-05  -1.4753509328E-05   3.1847431578E-04  -1.4542147343E-05
   26      1.3821712989E-05   6.2599928983E-05  -1.0588832450E-04   1.2246330621E-04  -5.9086235020E-04
   27     -3.4353040888E-04  -4.4382596696E-04   1.7586889242E-04  -2.2761362461E-04   5.8404521696E-04
   28      2.6459840326E-04   1.2144368217E-03  -1.0076265723E-04   1.5955234689E-04   9.2649627396E-04
   29      1.2053285266E-04  -1.2659916414E-04   1.1593782016E-04   6.4078620031E-05   7.6126348794E-05
   30     -9.3429985935E-05  -2.9463107466E-04   2.0756524010E-05  -9.2171444536E-05   1.6972153374E-04
   31     -8.9595050850E-04   6.8435830775E-04   2.4653350620E-04   1.9288158008E-04   7.0730458543E-04
   32     -1.4526193165E-04   8.8509579125E-05   5.1042231198E-05   2.7257498996E-05  -3.6218517626E-04
   33      2.6638294279E-02   7.7014473375E-04   7.3733342357E-04   4.3377282058E-04  -2.5776336084E-06
   34      2.0636989520E-02  -9.5706181028E-04   1.3089594935E-04  -2.0162323692E-04   2.9064932806E-04
   35      8.8027392050E-03  -2.8568032298E-04   4.1152515543E-04  -1.8374921140E-04   1.2219089428E-03
   36     -2.8568032298E-04   1.1906138301E-01  -1.0189052301E-01  -5.8542132196E-02   8.0558153003E-03
   37      4.1152515543E-04  -1.0189052301E-01   2.0532979254E-01   8.9352741980E-02  -1.7165204439E-03
   38     -1.8374921140E-04  -5.8542132196E-02   8.9352741980E-02   1.1756412062E-01   1.2501631093E-02
   39      1.2219089428E-03   8.0558153003E-03  -1.7165204439E-03   1.2501631093E-02   2.6123011006E-01
   40      4.9688125428E-04  -4.3876360023E-03   8.8764341955E-03  -2.1079633608E-02   2.5132206560E-01
   41     -3.4899213013E-04  -2.2372212929E-03   2.1712488259E-03  -3.9852667335E-02  -5.6290573695E-02
   42     -5.1199001447E-04  -1.6606601623E-04  -4.8314617030E-04  -1.7864413266E-05  -1.9622130122E-01
   43      3.0073112922E-04   3.0810558323E-04   2.2292848525E-04  -1.4197070505E-03  -2.2870140644E-01
   44     -5.4145824241E-04   3.7911634441E-04  -3.0970377380E-04  -4.0913411465E-04   6.5050811231E-02
                   40                 41                 42                 43                 44        
    0      5.4044025916E-04   2.9615726789E-04  -4.8328409160E-05  -1.5770078416E-04  -3.5296404963E-04
    1     -3.4498341322E-03   6.8508457147E-03   5.1991558755E-04   5.2948390624E-04  -6.6594816295E-04
    2      3.8166349904E-02  -2.5312914343E-02  -1.7862946820E-03   2.9615011171E-03  -7.9623425804E-03
    3      1.3565096620E-04  -7.1409805254E-05   2.5751892254E-04  -2.8680405535E-04   2.5769527705E-04
    4      3.9702494474E-04  -5.6236870360E-04   1.0704336550E-04   3.1410716458E-04  -2.6765501791E-04
    5     -8.2961058025E-04   2.0926693247E-05   2.2699803827E-04   6.7820695538E-05   1.4602990095E-04
    6      1.2476301195E-05  -2.3296777212E-03  -1.0097644165E-04  -4.3191956705E-04   6.0057524094E-05
    7     -7.6701786562E-04  -9.1158078501E-04   2.2442525575E-04  -3.7042294189E-04   2.3237708833E-04
    8     -2.0061071769E-03  -8.6492306231E-04  -7.1780693500E-05   3.1723741679E-04   2.3010560665E-04
    9      1.2424968360E-03  -2.1780607867E-02   1.5737758208E-03   1.3542617472E-03  -6.4807916731E-04
   10      4.7080670268E-03   5.6262919035E-03   1.5574932217E-03   1.1209440409E-03  -1.3172226715E-04
   11      2.5695149707E-03  -2.1238052076E-02   8.6789943241E-04  -1.4029410289E-03   1.5923790394E-03
   12     -1.0256456919E-02  -1.6127927108E-02   2.0346696646E-03  -3.3768103346E-03   2.5298575626E-02
   13     -7.5783585765E-02  -1.3466920602E-02   6.1337855978E-03  -4.3311744575E-03   3.3277955435E-02
