
$orca_hessian_file

$act_atom
  0

$act_coord
  0

$act_energy
     -270.664845

$multiplicity
  1

$hessian
45
                    0                  1                  2                  3                  4        
    0      5.6206116634E-01   4.8944037444E-02   2.6290034401E-02  -1.3120475172E-01   4.1966341854E-02
    1      4.8944037444E-02   4.3239132357E-01  -9.9064778689E-03   4.5305532285E-02  -1.0191906131E-01
    2      2.6290034401E-02  -9.9064778689E-03   5.6202989177E-01   1.7993109327E-02  -1.6135735681E-02
    3     -1.3120475172E-01   4.5305532285E-02   1.7993109327E-02   3.9818542159E-01  -1.4539193069E-03
    4      4.1966341854E-02  -1.0191906131E-01  -1.6135735681E-02  -1.4539193069E-03   5.8018285309E-01
    5      2.2317980476E-02  -1.6240241124E-02  -8.6657200790E-02   9.9550839078E-03  -3.0586809572E-02
    6     -3.3598615677E-02  -3.8591315904E-03  -3.6616639239E-03  -1.3483560255E-01  -4.3336243444E-02
    7      4.4314808523E-03   6.3417133471E-03   4.7546722200E-03  -4.6642313368E-02  -1.0162524389E-01
    8      6.7160749050E-03   5.1562382492E-03  -3.5962180577E-03  -1.3188316450E-02  -1.1904800959E-02
    9     -2.5126269137E-02  -1.9261011603E-02   1.9994444290E-03   3.4627817389E-03  -2.1302316300E-02
   10     -3.1530660541E-02  -9.9267116597E-03   1.0650384910E-03  -1.1326549622E-02  -3.5694941442E-02
   11      5.1918439463E-03   3.3582047513E-03   6.8470688006E-03   1.9678617216E-03  -5.7060979676E-03
   12     -9.7688193556E-02  -5.0125391874E-02   4.0084906588E-05   3.1212717070E-03   2.0520075960E-02
   13     -3.7488523132E-02  -1.8999089126E-01   1.5878948708E-03   1.1357113893E-02  -3.5779019002E-02
   14      2.0678957656E-03   2.9555805003E-03  -6.9438155181E-02  -2.2583800888E-03  -7.8215108571E-03
   15     -7.1822038622E-02  -1.4238394961E-02   7.2731931390E-02  -5.3548583528E-03  -4.6063115461E-03
   16     -1.6480783490E-02  -5.5912914906E-02   5.1204626641E-02   5.7273134488E-03   1.9819790349E-03
   17      7.1590572046E-02   4.6657586867E-02  -2.6422497609E-01   4.6489562687E-04   5.9555384805E-04
   18     -2.0135330286E-01  -2.3277533721E-02  -1.2856076484E-01  -1.5922190655E-02  -4.0952033931E-03
   19     -2.3724352010E-02  -5.1345788093E-02  -2.0288537934E-02   1.5546457735E-02   2.9442158722E-03
   20     -1.3202609136E-01  -2.1093328255E-02  -1.5324765337E-01   9.1993624630E-03   1.7389201341E-03
   21      2.6322207377E-04   2.1819220774E-02  -1.2864149755E-02  -4.6899628048E-02   5.9514002058E-03
   22     -1.5171957425E-03  -1.1680012695E-02   8.1676517698E-03   5.7482133307E-03  -2.4552355676E-01
   23      8.3822463085E-04  -9.8305412821E-03   3.6784384055E-03  -3.5730120484E-03   1.2005060792E-01
   24     -2.5100677205E-03   6.7977995134E-03   2.7330468950E-02  -4.3675714615E-02  -2.6452094599E-03
   25     -3.9328190738E-04  -3.4125128808E-03  -1.7702488807E-02  -2.4831784592E-03  -6.0789794610E-02
   26      2.4857053328E-04  -4.7337248149E-04  -7.4223756205E-03  -1.3492862576E-02  -5.2099243784E-02
   27     -2.7265055679E-03  -2.1459483780E-03   1.8933240219E-04  -1.5409044885E-02   4.3379652678E-03
   28     -1.6362743094E-03  -2.9492823293E-03  -1.3670264296E-03  -1.4257541487E-02   2.9723083039E-03
   29     -2.1439299186E-03  -6.9147625469E-04   4.5543311207E-04  -7.0977396051E-03   1.3047457475E-03
   30     -9.1387252981E-04   1.6982566232E-04  -1.3943974732E-03  -7.5799387824E-03   4.7003913117E-03
   31     -2.5355869729E-04  -2.9768392199E-04   5.2843558254E-04  -7.6935896974E-03   1.9837997279E-03
   32     -8.8029739013E-04  -4.1950667272E-04  -1.5897561801E-04  -2.9424392486E-04   1.6135910216E-04
   33     -4.5348739431E-03   9.7632949757E-04   1.9949227245E-04  -1.7262150983E-03   3.4107474275E-03
   34      1.4122359197E-03  -3.5658887286E-04  -7.3268833085E-04   1.6934330169E-03  -3.5949484145E-03
   35      1.2594954575E-03  -4.2080191185E-04   1.0772223616E-02   1.1101459868E-04  -3.3361716697E-04
   36      1.0459309067E-02  -1.0337755926E-02  -1.8990980202E-03  -1.6888171662E-03  -3.3823192645E-03
   37      1.6852208319E-02  -9.9401461315E-03  -2.6262014598E-03  -1.5762889533E-03  -3.5991170601E-03
   38     -1.3854457346E-03   7.0149751161E-04   1.8592115164E-03   2.3255851732E-04   2.0601775809E-05
   39     -7.6240647639E-04  -5.1093088495E-04   1.3383466130E-03  -3.3688700105E-04   8.7609064589E-05
   40     -8.3279354254E-04  -9.4538835439E-04   1.7528075334E-03  -1.4292968368E-05  -9.8376046270E-04
   41     -7.8965068555E-04  -4.4625573847E-04  -1.9395835150E-04   8.8667347466E-06   9.5084014201E-04
   42     -5.4279967299E-04  -2.5712370395E-04   2.7265088617E-04  -1.3582616178E-04  -1.2529889155E-04
   43      2.5159644881E-04  -5.6054501106E-05  -3.0295318940E-04   4.1900667410E-05  -5.5571308216E-04
   44      6.9990136271E-04   6.9387630191E-04  -7.0275414528E-04  -3.9979702879E-05  -2.6453403943E-04
                    5                  6                  7                  8                  9        
    0      2.2317980476E-02  -3.3598615677E-02   4.4314808523E-03   6.7160749050E-03  -2.5126269137E-02
    1     -1.6240241124E-02  -3.8591315904E-03   6.3417133471E-03   5.1562382492E-03  -1.9261011603E-02
    2     -8.6657200790E-02  -3.6616639239E-03   4.7546722200E-03  -3.5962180577E-03   1.9994444290E-03
    3      9.9550839078E-03  -1.3483560255E-01  -4.6642313368E-02  -1.3188316450E-02   3.4627817389E-03
    4     -3.0586809572E-02  -4.3336243444E-02  -1.0162524389E-01  -1.1904800959E-02  -2.1302316300E-02
    5      5.9356042989E-01  -1.7500415157E-02  -1.1629244322E-02  -8.2999249017E-02   1.1254684594E-03
    6     -1.7500415157E-02   5.5644467682E-01  -4.9921326554E-02  -2.5616422123E-02  -9.7466195611E-02
    7     -1.1629244322E-02  -4.9921326554E-02   4.3246778661E-01  -4.7937969727E-03   5.0000634697E-02
    8     -8.2999249017E-02  -2.5616422123E-02  -4.7937969727E-03   5.6729854545E-01   2.6226603126E-03
    9      1.1254684594E-03  -9.7466195611E-02   5.0000634697E-02   2.6226603126E-03   7.9431997603E-01
   10      2.0217005640E-03   3.7346009913E-02  -1.9015658337E-01  -2.1734553498E-03   1.0233110884E-01
   11     -6.2860748943E-06   7.6957809387E-04  -2.1658051793E-03  -6.9507952810E-02  -1.3536929575E-02
   12     -1.4743955352E-03  -2.5339510645E-02   1.9408584165E-02   1.3790135954E-03  -4.9170546314E-01
   13      8.8089593206E-04   3.1492616941E-02  -1.0019594640E-02  -2.1259416263E-03  -2.4942664962E-03
   14      3.7727407362E-04  -1.9162151508E-03   1.4029444274E-03   7.2401001843E-03   2.9942074092E-02
   15      2.1816446952E-02  -6.6768961089E-04  -1.9198232092E-04   1.4484530696E-03  -1.5221700336E-04
   16     -1.9777878039E-02   3.1336168555E-04  -3.0333203705E-04   4.9336998588E-04  -2.5491256137E-04
   17     -6.1043023037E-03   9.4324650981E-04  -4.0738439132E-04  -3.9011555900E-04  -1.4190743278E-03
   18     -1.2475759185E-02  -2.5094642164E-03   2.0614749773E-03   1.0444922667E-04  -7.3894550487E-04
   19      1.1469254460E-02   1.5010938897E-03  -2.9464139561E-03  -1.5223210260E-03  -2.0073463321E-03
   20      5.0066287105E-03   2.4372859356E-03  -9.1784139643E-04   2.2543684747E-04   4.2816787723E-04
   21     -3.6106548986E-03   1.4863896063E-03  -2.2742074406E-02   1.3109287812E-02  -4.4425963603E-03
   22      1.1666722001E-01   2.3125675853E-03  -1.1649418515E-02   7.9899703239E-03  -2.1990232527E-03
   23     -1.1912968285E-01  -6.5405223640E-04  -7.5636334228E-03   2.4102831179E-03  -1.2238161913E-03
   24     -1.3486155054E-02  -5.3601828210E-03  -6.8265192747E-03  -2.7568834163E-02  -1.2901220022E-03
   25     -4.8744038240E-02  -1.3989893432E-03  -3.3937661432E-03  -1.7609781196E-02  -1.6115837203E-03
   26     -3.0885725090E-01  -4.8302429949E-04   2.2718382901E-04  -4.5987387596E-03  -1.4901053635E-04
   27      1.4566093708E-02  -1.7451222376E-01   2.1257367341E-02   1.3073460051E-01  -7.6505809043E-03
   28      1.2957032348E-02   2.1779741549E-02  -5.1450606839E-02  -2.2788716840E-02   2.2981406531E-02
   29      4.4926581835E-03   1.3415724848E-01  -2.3576661456E-02  -1.7997614161E-01  -2.2983554694E-03
   30     -2.1674733016E-02  -8.8222679911E-02   1.8938734540E-02  -9.0545288010E-02  -6.8054420979E-03
   31     -1.9076359316E-02   2.1619364268E-02  -5.5981855525E-02   4.9424931223E-02   1.5157280720E-02
   32     -3.8829446274E-03  -8.9402568514E-02   4.5132250607E-02  -2.4771656664E-01  -1.4209636399E-04
   33     -1.1985295131E-04   1.0660374599E-02   1.0328653288E-02   9.5024670531E-04  -1.5058502327E-01
   34      9.8801545467E-04  -1.7062784373E-02  -9.9000415910E-03  -9.1157818558E-04  -1.3604521873E-01
   35      1.7851335259E-03   4.7665308732E-04  -3.1361668826E-04   1.6615380295E-03  -2.6730619784E-03
   36      4.6121388119E-04  -4.5114631856E-03  -1.0304229580E-03   1.3458018296E-03  -9.1043236708E-03
   37      1.1399261584E-03  -1.4909845481E-03  -3.4647029401E-04  -5.8545588468E-04  -5.4097013279E-03
   38      1.7497240852E-03   2.9216663188E-04  -3.1889052700E-04   1.0723670290E-02   2.8053092327E-04
   39      4.7937626729E-05  -8.8002776837E-04   4.7161960154E-04  -1.2279101240E-03  -2.8196157461E-03
   40      3.0018610358E-04   1.0050489481E-03  -9.4357535137E-04   1.6391139546E-03  -1.9260436411E-03
   41      9.3598661032E-04   8.8336337111E-04  -4.6223849751E-04  -8.6675844491E-05  -1.6123620698E-02
   42      6.3522285111E-05  -6.8778526598E-04   5.1145897655E-04  -2.6398838318E-04   1.0403667519E-04
   43     -3.3993906003E-04  -3.5571448359E-04  -9.2597804353E-05  -2.9702143321E-04   2.0527872384E-03
   44     -2.7091851605E-04  -7.2500941843E-04   6.4130750656E-04  -6.8791562178E-04   1.1673403901E-03
                   10                 11                 12                 13                 14        
    0     -3.1530660541E-02   5.1918439463E-03  -9.7688193556E-02  -3.7488523132E-02   2.0678957656E-03
    1     -9.9267116597E-03   3.3582047513E-03  -5.0125391874E-02  -1.8999089126E-01   2.9555805003E-03
    2      1.0650384910E-03   6.8470688006E-03   4.0084906588E-05   1.5878948708E-03  -6.9438155181E-02
    3     -1.1326549622E-02   1.9678617216E-03   3.1212717070E-03   1.1357113893E-02  -2.2583800888E-03
    4     -3.5694941442E-02  -5.7060979676E-03   2.0520075960E-02  -3.5779019002E-02  -7.8215108571E-03
    5      2.0217005640E-03  -6.2860748943E-06  -1.4743955352E-03   8.8089593206E-04   3.7727407362E-04
    6      3.7346009913E-02   7.6957809387E-04  -2.5339510645E-02   3.1492616941E-02  -1.9162151508E-03
    7     -1.9015658337E-01  -2.1658051793E-03   1.9408584165E-02  -1.0019594640E-02   1.4029444274E-03
    8     -2.1734553498E-03  -6.9507952810E-02   1.3790135954E-03  -2.1259416263E-03   7.2401001843E-03
    9      1.0233110884E-01  -1.3536929575E-02  -4.9170546314E-01  -2.4942664962E-03   2.9942074092E-02
   10      6.0561146894E-01   4.7448893758E-03   2.6480176468E-03  -1.0287770950E-01  -4.5129474464E-03
   11      4.7448893758E-03   1.4759259924E-01   1.3397656574E-02  -4.2415151623E-03  -5.7783203287E-02
   12      2.6480176468E-03   1.3397656574E-02   7.8988574612E-01  -1.0164105958E-01  -5.0968708687E-02
   13     -1.0287770950E-01  -4.2415151623E-03  -1.0164105958E-01   6.0596689710E-01   1.5162382673E-02
   14     -4.5129474464E-03  -5.7783203287E-02  -5.0968708687E-02   1.5162382673E-02   1.5130832934E-01
   15     -1.4563538470E-03   3.9428375685E-04  -5.8093704081E-03  -5.0009274011E-03   1.0268800163E-02
   16     -3.4152039978E-03   3.7553689937E-04  -1.2235378762E-02  -7.1012446438E-03   2.9668581794E-02
   17      4.5147158166E-04   1.1005898252E-03   1.0443999521E-03   1.6816893180E-03   1.4942207159E-03
   18     -7.6056602868E-04  -5.1283515941E-04  -7.9471329826E-03  -1.9972520654E-03  -4.5741784869E-03
   19     -5.2692502907E-03   6.3163386045E-04  -2.5180537014E-02  -1.6438067932E-03  -2.0486000904E-02
   20     -3.0327870235E-04   5.3194276337E-04   3.2227934556E-03   9.4012007684E-04   1.7404056799E-03
   21     -2.2276142281E-03  -3.7025523827E-04  -4.2145101498E-03   2.0165762862E-03   8.2264613180E-04
   22     -1.9875958962E-03  -1.6337997709E-04   2.2099062993E-03  -1.9861823742E-03  -4.1554897971E-04
   23     -1.8490146242E-03   2.4948322780E-04   1.6429376467E-03  -2.0562661409E-03   4.5566347488E-05
   24      5.3574049189E-04  -5.1723660929E-04  -1.2083257386E-03  -5.3352071659E-04   6.3444003519E-04
   25      3.3729454235E-04   2.9785714162E-04   1.6618333783E-03   3.3105366431E-04   1.1462298944E-04
   26     -1.0890654315E-04   2.6606473048E-04   3.5893962692E-04  -4.7502479563E-05   1.8035266665E-04
   27      2.0647518876E-03   5.4356326335E-03  -8.2859114812E-04   7.0568442886E-04   6.6785888703E-04
   28     -1.6920817030E-03  -2.2931720013E-02   2.0828423774E-03  -5.2667783155E-03   4.0784296146E-04
   29      7.6066481250E-04   1.5062418566E-03  -1.6112369577E-04  -3.7010628886E-04   4.8844607403E-04
   30      5.1092739511E-03  -9.3882925627E-03  -1.0927839966E-04   1.4711314503E-03  -2.7233243265E-04
   31     -7.1320012173E-03   2.8262164091E-02   3.1001445172E-04  -3.4216366733E-03   3.4707011707E-04
   32      1.1387692393E-03   2.5548129676E-03   1.4359834606E-03   2.9229242044E-04   1.0039810363E-03
   33     -1.3109090187E-01  -2.6323181519E-03  -9.2864643733E-03  -2.8021198375E-02  -3.7559897066E-04
   34     -2.5058584532E-01  -2.4069304582E-03   5.4363567579E-03   5.1387854798E-03  -3.0235649833E-04
   35     -3.2721940089E-03  -3.7163130153E-02   1.1725186969E-03   2.4749365843E-03   4.4575100743E-03
   36      2.8091984196E-02   1.7706077479E-03  -1.4862436095E-01   1.2996760694E-01   1.3976914204E-02
   37      5.1245042956E-03   2.4375349349E-04   1.3504457122E-01  -2.5103778070E-01  -1.6217144945E-02
   38     -3.8940146101E-04   4.3587174362E-03   1.3961581387E-02  -1.6557110540E-02  -3.8766961020E-02
   39     -1.0487462796E-03  -1.7812150355E-03  -7.2850037720E-04   1.0865072508E-03   1.8425928452E-03
   40     -2.3132677843E-03   8.3127722112E-04   1.9961723636E-03  -2.3187702725E-03   5.9048692563E-04
   41      2.9716206242E-04   7.4333301647E-04   1.6275064240E-02   1.3602774644E-04  -1.2114655933E-03
   42      1.3027114335E-03  -1.8810348627E-04   4.8268403853E-04  -9.1373830301E-04   1.4698803638E-04
   43     -2.2075598357E-05  -1.0877250870E-03  -2.1427585139E-03   6.6779272616E-06  -8.7985937165E-04
   44      2.0873590194E-03  -1.2902815431E-03  -1.3315419670E-03   2.2280592306E-03  -1.1364011080E-03
                   15                 16                 17                 18                 19        
    0     -7.1822038622E-02  -1.6480783490E-02   7.1590572046E-02  -2.0135330286E-01  -2.3724352010E-02
    1     -1.4238394961E-02  -5.5912914906E-02   4.6657586867E-02  -2.3277533721E-02  -5.1345788093E-02
    2      7.2731931390E-02   5.1204626641E-02  -2.6422497609E-01  -1.2856076484E-01  -2.0288537934E-02
    3     -5.3548583528E-03   5.7273134488E-03   4.6489562687E-04  -1.5922190655E-02   1.5546457735E-02
    4     -4.6063115461E-03   1.9819790349E-03   5.9555384805E-04  -4.0952033931E-03   2.9442158722E-03
    5      2.1816446952E-02  -1.9777878039E-02  -6.1043023037E-03  -1.2475759185E-02   1.1469254460E-02
    6     -6.6768961089E-04   3.1336168555E-04   9.4324650981E-04  -2.5094642164E-03   1.5010938897E-03
    7     -1.9198232092E-04  -3.0333203705E-04  -4.0738439132E-04   2.0614749773E-03  -2.9464139561E-03
    8      1.4484530696E-03   4.9336998588E-04  -3.9011555900E-04   1.0444922667E-04  -1.5223210260E-03
    9     -1.5221700336E-04  -2.5491256137E-04  -1.4190743278E-03  -7.3894550487E-04  -2.0073463321E-03
   10     -1.4563538470E-03  -3.4152039978E-03   4.5147158166E-04  -7.6056602868E-04  -5.2692502907E-03
   11      3.9428375685E-04   3.7553689937E-04   1.1005898252E-03  -5.1283515941E-04   6.3163386045E-04
   12     -5.8093704081E-03  -1.2235378762E-02   1.0443999521E-03  -7.9471329826E-03  -2.5180537014E-02
   13     -5.0009274011E-03  -7.1012446438E-03   1.6816893180E-03  -1.9972520654E-03  -1.6438067932E-03
   14      1.0268800163E-02   2.9668581794E-02   1.4942207159E-03  -4.5741784869E-03  -2.0486000904E-02
   15      7.7692483637E-02   1.8430341092E-02  -8.1570345985E-02   8.1927062285E-03   5.9212412357E-03
   16      1.8430341092E-02   6.3350785354E-02  -5.3633862608E-02   1.5993272088E-03   1.1445084847E-03
   17     -8.1570345985E-02  -5.3633862608E-02   2.8713111525E-01   6.5854133968E-03   4.7911879928E-03
   18      8.1927062285E-03   1.5993272088E-03   6.5854133968E-03   2.2109852208E-01   2.7327737111E-02
   19      5.9212412357E-03   1.1445084847E-03   4.7911879928E-03   2.7327737111E-02   5.4802295815E-02
   20     -2.3304637997E-02  -3.9540394639E-03  -2.0251228205E-02   1.3911387595E-01   2.3480625306E-02
   21      1.6659107682E-03  -9.2136493483E-04  -1.3775661434E-04  -1.1136550155E-03   8.0980653709E-04
   22     -4.6702070485E-04   1.1455150686E-03  -3.7777282834E-04   5.5777609450E-04  -7.9631688272E-04
   23     -4.7076504300E-04   2.9248046403E-05   1.2299901186E-03   2.0266619001E-04   1.4388201898E-05
   24     -3.0393942561E-03   3.9940966000E-03   1.6243600961E-03   1.2250303782E-03  -8.6272566613E-04
   25      1.8626911913E-03  -1.6274616843E-03  -9.3486917466E-04  -4.5825395314E-04   1.3003849623E-03
   26      1.0179208319E-03  -1.3106117860E-03   9.1918313609E-04   4.3664224594E-06   3.6936890986E-04
   27     -7.2203185044E-04   2.7446719734E-04   8.4179870426E-05  -6.3328274304E-04   4.4199991587E-04
   28     -1.1789865487E-04   5.2198144320E-04   2.9610048889E-05  -4.3177445815E-04   4.4484072039E-04
   29     -4.8261366886E-04   2.4302049916E-04  -9.4110325199E-06  -1.9490759970E-04   1.1222127906E-04
   30     -9.0314581439E-06  -9.4981145904E-06   2.8309249398E-04  -6.6796354182E-04   1.2594457725E-04
   31      7.4899861782E-06   5.3494228291E-05   1.5738253202E-04  -2.5102685598E-04   5.2057801482E-04
   32     -3.0924811421E-04   1.6037035061E-04  -3.0813407681E-04  -1.0919196231E-05   1.8116347359E-05
   33     -3.2818267672E-04  -6.4433473088E-04  -3.3955978912E-05  -3.5620073606E-04  -1.0459863364E-03
   34     -7.5616491034E-05   2.2953592821E-04   6.6122621398E-05  -1.6795807072E-04   1.4482498287E-04
   35     -1.1164551592E-03  -2.3064501964E-03  -1.4957477844E-04   6.6089517345E-04   2.0049840305E-03
   36      2.0783039328E-05   5.6495897772E-04   4.0907807073E-04   1.8824304410E-04   9.3938154244E-04
   37     -1.5276304853E-04  -7.5600796294E-06   6.6171581619E-04  -3.8839470776E-04   5.9500795406E-04
   38      1.0254839171E-05  -7.6783818661E-04  -1.7364259734E-04   2.5247814671E-04   3.7695170377E-04
   39      3.2521300499E-04  -2.0062958521E-04   5.9039900413E-05   5.2043181475E-04   4.2230198428E-04
   40      9.9882544150E-05  -3.2428315196E-04   2.1368146129E-04   3.1256287936E-04  -4.0802187075E-05
   41     -3.1208816165E-04  -4.4778968095E-04  -2.1704184660E-04  -5.8927026291E-04  -1.0954687289E-03
   42      7.7175608053E-06  -1.7014207732E-04   7.9295075631E-05   1.7204712524E-05  -2.5925375283E-04
   43     -1.1990281432E-06   2.6420095823E-04   4.5164802537E-05   1.3321566942E-05   1.4572139618E-04
   44     -1.2837700687E-04   2.6437857545E-05  -4.6672554915E-05  -1.9593257406E-05   8.2695299270E-05
                   20                 21                 22                 23                 24        
    0     -1.3202609136E-01   2.6322207377E-04  -1.5171957425E-03   8.3822463085E-04  -2.5100677205E-03
    1     -2.1093328255E-02   2.1819220774E-02  -1.1680012695E-02  -9.8305412821E-03   6.7977995134E-03
    2     -1.5324765337E-01  -1.2864149755E-02   8.1676517698E-03   3.6784384055E-03   2.7330468950E-02
    3      9.1993624630E-03  -4.6899628048E-02   5.7482133307E-03  -3.5730120484E-03  -4.3675714615E-02
    4      1.7389201341E-03   5.9514002058E-03  -2.4552355676E-01   1.2005060792E-01  -2.6452094599E-03
    5      5.0066287105E-03  -3.6106548986E-03   1.1666722001E-01  -1.1912968285E-01  -1.3486155054E-02
    6      2.4372859356E-03   1.4863896063E-03   2.3125675853E-03  -6.5405223640E-04  -5.3601828210E-03
    7     -9.1784139643E-04  -2.2742074406E-02  -1.1649418515E-02  -7.5636334228E-03  -6.8265192747E-03
    8      2.2543684747E-04   1.3109287812E-02   7.9899703239E-03   2.4102831179E-03  -2.7568834163E-02
    9      4.2816787723E-04  -4.4425963603E-03  -2.1990232527E-03  -1.2238161913E-03  -1.2901220022E-03
   10     -3.0327870235E-04  -2.2276142281E-03  -1.9875958962E-03  -1.8490146242E-03   5.3574049189E-04
   11      5.3194276337E-04  -3.7025523827E-04  -1.6337997709E-04   2.4948322780E-04  -5.1723660929E-04
   12      3.2227934556E-03  -4.2145101498E-03   2.2099062993E-03   1.6429376467E-03  -1.2083257386E-03
   13      9.4012007684E-04   2.0165762862E-03  -1.9861823742E-03  -2.0562661409E-03  -5.3352071659E-04
   14      1.7404056799E-03   8.2264613180E-04  -4.1554897971E-04   4.5566347488E-05   6.3444003519E-04
   15     -2.3304637997E-02   1.6659107682E-03  -4.6702070485E-04  -4.7076504300E-04  -3.0393942561E-03
   16     -3.9540394639E-03  -9.2136493483E-04   1.1455150686E-03   2.9248046403E-05   3.9940966000E-03
   17     -2.0251228205E-02  -1.3775661434E-04  -3.7777282834E-04   1.2299901186E-03   1.6243600961E-03
   18      1.3911387595E-01  -1.1136550155E-03   5.5777609450E-04   2.0266619001E-04   1.2250303782E-03
   19      2.3480625306E-02   8.0980653709E-04  -7.9631688272E-04   1.4388201898E-05  -8.6272566613E-04
   20      1.6466756281E-01  -9.2345511748E-05  -2.7324157355E-04   8.6619998563E-05   3.7803083142E-04
   21     -9.2345511748E-05   5.1314308900E-02  -6.2786775171E-03   3.6524584744E-03  -3.1834607293E-04
   22     -2.7324157355E-04  -6.2786775171E-03   2.6656397595E-01  -1.2703457195E-01  -1.5142402699E-04
   23      8.6619998563E-05   3.6524584744E-03  -1.2703457195E-01   1.2529035969E-01  -7.0982497624E-04
   24      3.7803083142E-04  -3.1834607293E-04  -1.5142402699E-04  -7.0982497624E-04   5.8007441215E-02
   25      1.9569165540E-04   1.4659985491E-03   6.7826036115E-03   2.8571675874E-02   2.8163651377E-03
   26      1.4426731598E-03  -7.3590649524E-04  -3.2179243941E-03  -1.4758504162E-02   1.3924940854E-02
   27      2.4784378125E-04  -1.1277592702E-03  -6.1154291237E-04  -6.8499504337E-05   1.1891099174E-03
   28      1.6101218551E-04  -8.2153589571E-04  -7.8721737740E-04   9.0835897153E-05   8.6895192343E-04
   29      2.9397097833E-05   2.0509905349E-04  -1.8516828137E-04   8.3482131674E-05  -3.4308259895E-04
   30      5.3744651573E-04   1.7285897424E-03   3.9793809730E-04   4.2842052980E-04  -3.2759563964E-03
   31      2.6439070506E-04   9.2036543543E-04   1.1630867675E-03  -6.1230138697E-05  -4.0926354388E-03
   32     -5.5658091293E-05   1.0289536418E-04  -4.5618906898E-04   1.1920403582E-03  -1.1956659503E-03
   33      2.3167379893E-04   7.7931312423E-04   3.6330645299E-04   1.8471079977E-04   1.7729246173E-04
   34      1.4300674839E-04  -1.1231280459E-03  -7.2964701556E-04  -4.6665617694E-04  -2.6174960945E-04
   35     -1.5578547187E-04  -2.5930018750E-04  -1.9764892695E-04   5.7583838790E-05   3.3671755000E-04
   36     -3.1749244983E-04   7.8252511272E-04  -4.0671558142E-04  -2.4429206717E-04   1.4628769312E-04
   37     -3.9445881269E-04   1.0664548478E-03  -7.2346578224E-04  -5.7908155636E-04   2.4427155714E-04
   38      6.6690673256E-05   1.8829329966E-04  -1.6204851585E-04   6.0169425544E-05  -3.6087398352E-04
   39     -2.0357161745E-06   1.3380714490E-04  -4.8100020761E-05  -1.9840478356E-06   1.1689189469E-04
   40      9.0755262206E-05   3.6401727686E-05   5.3798164486E-05   4.7495017658E-04   5.0353977489E-05
   41      1.0102005840E-04  -1.2703907705E-05  -2.5844629146E-04  -4.6455856342E-04  -7.2597674160E-05
   42     -3.9794095863E-05  -3.7571555567E-05   7.5423981572E-05  -4.5240998091E-06  -1.8394393691E-04
   43     -3.7432668063E-05   4.2738581536E-05   1.5443373810E-04   1.8975943037E-04   3.6328060984E-05
   44     -1.8805265839E-04   3.7444158096E-06  -6.3371567448E-05  -3.1271083746E-05   3.5150827181E-05
                   25                 26                 27                 28                 29        
    0     -3.9328190738E-04   2.4857053328E-04  -2.7265055679E-03  -1.6362743094E-03  -2.1439299186E-03
    1     -3.4125128808E-03  -4.7337248149E-04  -2.1459483780E-03  -2.9492823293E-03  -6.9147625469E-04
    2     -1.7702488807E-02  -7.4223756205E-03   1.8933240219E-04  -1.3670264296E-03   4.5543311207E-04
    3     -2.4831784592E-03  -1.3492862576E-02  -1.5409044885E-02  -1.4257541487E-02  -7.0977396051E-03
    4     -6.0789794610E-02  -5.2099243784E-02   4.3379652678E-03   2.9723083039E-03   1.3047457475E-03
    5     -4.8744038240E-02  -3.0885725090E-01   1.4566093708E-02   1.2957032348E-02   4.4926581835E-03
    6     -1.3989893432E-03  -4.8302429949E-04  -1.7451222376E-01   2.1779741549E-02   1.3415724848E-01
    7     -3.3937661432E-03   2.2718382901E-04   2.1257367341E-02  -5.1450606839E-02  -2.3576661456E-02
    8     -1.7609781196E-02  -4.5987387596E-03   1.3073460051E-01  -2.2788716840E-02  -1.7997614161E-01
    9     -1.6115837203E-03  -1.4901053635E-04  -7.6505809043E-03   2.2981406531E-02  -2.2983554694E-03
   10      3.3729454235E-04  -1.0890654315E-04   2.0647518876E-03  -1.6920817030E-03   7.6066481250E-04
   11      2.9785714162E-04   2.6606473048E-04   5.4356326335E-03  -2.2931720013E-02   1.5062418566E-03
   12      1.6618333783E-03   3.5893962692E-04  -8.2859114812E-04   2.0828423774E-03  -1.6112369577E-04
   13      3.3105366431E-04  -4.7502479563E-05   7.0568442886E-04  -5.2667783155E-03  -3.7010628886E-04
   14      1.1462298944E-04   1.8035266665E-04   6.6785888703E-04   4.0784296146E-04   4.8844607403E-04
   15      1.8626911913E-03   1.0179208319E-03  -7.2203185044E-04  -1.1789865487E-04  -4.8261366886E-04
   16     -1.6274616843E-03  -1.3106117860E-03   2.7446719734E-04   5.2198144320E-04   2.4302049916E-04
   17     -9.3486917466E-04   9.1918313609E-04   8.4179870426E-05   2.9610048889E-05  -9.4110325199E-06
   18     -4.5825395314E-04   4.3664224594E-06  -6.3328274304E-04  -4.3177445815E-04  -1.9490759970E-04
   19      1.3003849623E-03   3.6936890986E-04   4.4199991587E-04   4.4484072039E-04   1.1222127906E-04
   20      1.9569165540E-04   1.4426731598E-03   2.4784378125E-04   1.6101218551E-04   2.9397097833E-05
   21      1.4659985491E-03  -7.3590649524E-04  -1.1277592702E-03  -8.2153589571E-04   2.0509905349E-04
   22      6.7826036115E-03  -3.2179243941E-03  -6.1154291237E-04  -7.8721737740E-04  -1.8516828137E-04
   23      2.8571675874E-02  -1.4758504162E-02  -6.8499504337E-05   9.0835897153E-05   8.3482131674E-05
   24      2.8163651377E-03   1.3924940854E-02   1.1891099174E-03   8.6895192343E-04  -3.4308259895E-04
   25      6.1256323066E-02   5.6174258453E-02   4.9146430000E-04   1.2917858535E-03   1.3626589907E-04
   26      5.6174258453E-02   3.3139714116E-01   3.8293479932E-05   2.8803937751E-04   1.4952492508E-03
   27      4.9146430000E-04   3.8293479932E-05   1.9235257019E-01  -2.5053203976E-02  -1.4189894551E-01
   28      1.2917858535E-03   2.8803937751E-04  -2.5053203976E-02   5.4913005719E-02   2.6353146730E-02
   29      1.3626589907E-04   1.4952492508E-03  -1.4189894551E-01   2.6353146730E-02   1.9326982763E-01
   30     -1.9312085322E-03  -5.8813340846E-04   9.5527209880E-03  -5.4390824924E-03   2.0274884067E-02
   31     -1.6094082158E-03  -9.0203002440E-04  -2.0187764737E-03   1.1826228499E-03  -3.7746312392E-03
   32     -7.5071163417E-04   1.1483116294E-03  -9.6300201933E-03   5.3708571655E-03  -2.1649149289E-02
   33      8.4167999192E-05  -6.6738566273E-06   2.1148718830E-04  -9.1358890213E-04   2.7722050450E-04
   34     -2.9447309013E-04  -1.0711978490E-04   3.5743078152E-04   5.9133801763E-04  -4.5464186683E-04
   35      2.2047304959E-04  -1.3448069345E-04  -2.8969507360E-04   4.7324298867E-04   5.6438722751E-05
   36     -5.2649411524E-05  -1.4044042935E-05  -4.7400604677E-04   1.2449343285E-03  -1.9472355126E-04
   37     -2.9942698104E-04  -1.4493080729E-04   2.0486889126E-04   1.3642349223E-04   1.1381320274E-04
   38      2.4542596771E-04  -9.1344324924E-05  -6.2817669809E-04   1.8826633897E-03  -5.4613995341E-05
   39     -1.7472957650E-05  -1.0239908709E-04   6.6885939889E-04  -5.4848690572E-04  -1.0215836221E-04
   40     -2.9692646979E-04   9.7075214506E-04  -2.9893623309E-04  -2.9711384872E-05   1.4070263772E-04
   41     -1.4929911499E-04  -1.2723034039E-03   5.0080879514E-04  -1.0160547878E-03   9.1366763012E-05
   42     -6.0253404246E-06  -3.0815580107E-05   1.0927849200E-04   2.4218476663E-04  -2.0851748807E-05
   43      4.2432437510E-04   3.9135064647E-04   1.1733567479E-05   1.2137154924E-04  -7.8032181771E-05
   44     -7.4394139083E-05   2.8602212717E-04   7.4672534072E-05   5.5371739032E-05  -2.7922489931E-04
                   30                 31                 32                 33                 34        
    0     -9.1387252981E-04  -2.5355869729E-04  -8.8029739013E-04  -4.5348739431E-03   1.4122359197E-03
    1      1.6982566232E-04  -2.9768392199E-04  -4.1950667272E-04   9.7632949757E-04  -3.5658887286E-04
    2     -1.3943974732E-03   5.2843558254E-04  -1.5897561801E-04   1.9949227245E-04  -7.3268833085E-04
    3     -7.5799387824E-03  -7.6935896974E-03  -2.9424392486E-04  -1.7262150983E-03   1.6934330169E-03
    4      4.7003913117E-03   1.9837997279E-03   1.6135910216E-04   3.4107474275E-03  -3.5949484145E-03
    5     -2.1674733016E-02  -1.9076359316E-02  -3.8829446274E-03  -1.1985295131E-04   9.8801545467E-04
    6     -8.8222679911E-02   2.1619364268E-02  -8.9402568514E-02   1.0660374599E-02  -1.7062784373E-02
    7      1.8938734540E-02  -5.5981855525E-02   4.5132250607E-02   1.0328653288E-02  -9.9000415910E-03
    8     -9.0545288010E-02   4.9424931223E-02  -2.4771656664E-01   9.5024670531E-04  -9.1157818558E-04
    9     -6.8054420979E-03   1.5157280720E-02  -1.4209636399E-04  -1.5058502327E-01  -1.3604521873E-01
   10      5.1092739511E-03  -7.1320012173E-03   1.1387692393E-03  -1.3109090187E-01  -2.5058584532E-01
   11     -9.3882925627E-03   2.8262164091E-02   2.5548129676E-03  -2.6323181519E-03  -2.4069304582E-03
   12     -1.0927839966E-04   3.1001445172E-04   1.4359834606E-03  -9.2864643733E-03   5.4363567579E-03
   13      1.4711314503E-03  -3.4216366733E-03   2.9229242044E-04  -2.8021198375E-02   5.1387854798E-03
   14     -2.7233243265E-04   3.4707011707E-04   1.0039810363E-03  -3.7559897066E-04  -3.0235649833E-04
   15     -9.0314581439E-06   7.4899861782E-06  -3.0924811421E-04  -3.2818267672E-04  -7.5616491034E-05
   16     -9.4981145904E-06   5.3494228291E-05   1.6037035061E-04  -6.4433473088E-04   2.2953592821E-04
   17      2.8309249398E-04   1.5738253202E-04  -3.0813407681E-04  -3.3955978912E-05   6.6122621398E-05
   18     -6.6796354182E-04  -2.5102685598E-04  -1.0919196231E-05  -3.5620073606E-04  -1.6795807072E-04
   19      1.2594457725E-04   5.2057801482E-04   1.8116347359E-05  -1.0459863364E-03   1.4482498287E-04
   20      5.3744651573E-04   2.6439070506E-04  -5.5658091293E-05   2.3167379893E-04   1.4300674839E-04
   21      1.7285897424E-03   9.2036543543E-04   1.0289536418E-04   7.7931312423E-04  -1.1231280459E-03
   22      3.9793809730E-04   1.1630867675E-03  -4.5618906898E-04   3.6330645299E-04  -7.2964701556E-04
   23      4.2842052980E-04  -6.1230138697E-05   1.1920403582E-03   1.8471079977E-04  -4.6665617694E-04
   24     -3.2759563964E-03  -4.0926354388E-03  -1.1956659503E-03   1.7729246173E-04  -2.6174960945E-04
   25     -1.9312085322E-03  -1.6094082158E-03  -7.5071163417E-04   8.4167999192E-05  -2.9447309013E-04
   26     -5.8813340846E-04  -9.0203002440E-04   1.1483116294E-03  -6.6738566273E-06  -1.0711978490E-04
   27      9.5527209880E-03  -2.0187764737E-03  -9.6300201933E-03   2.1148718830E-04   3.5743078152E-04
   28     -5.4390824924E-03   1.1826228499E-03   5.3708571655E-03  -9.1358890213E-04   5.9133801763E-04
   29      2.0274884067E-02  -3.7746312392E-03  -2.1649149289E-02   2.7722050450E-04  -4.5464186683E-04
   30      9.6192711900E-02  -2.3780167197E-02   1.0090342929E-01  -2.3912597937E-05   2.3705770409E-04
   31     -2.3780167197E-02   6.3424031909E-02  -5.1661208389E-02  -6.6562569809E-04  -1.5893869520E-05
   32      1.0090342929E-01  -5.1661208389E-02   2.6859784244E-01  -4.2733443455E-04   6.6908825312E-04
   33     -2.3912597937E-05  -6.6562569809E-04  -4.2733443455E-04   1.5415819316E-01   1.4630153467E-01
   34      2.3705770409E-04  -1.5893869520E-05   6.6908825312E-04   1.4630153467E-01   2.5845392503E-01
   35     -3.7820098912E-05  -7.0482247567E-04  -1.4390407299E-04   1.6809160226E-03   2.8886000458E-03
   36     -2.1676365295E-04   4.0988091529E-04   2.0887905839E-05   1.0149905688E-03  -7.6523321087E-04
   37      8.0471689012E-05   2.3148474175E-04   7.0691785934E-05   7.7132499698E-04   3.8130870459E-04
   38      1.1093597925E-03  -2.3441871495E-03  -2.7382222166E-04  -2.0225942851E-04   1.8859231312E-04
   39      3.4531131334E-04   1.3756443067E-04  -7.0310581021E-05   1.7886226883E-04   6.1866132330E-04
   40     -8.8746237994E-05  -3.1936164726E-04   1.9673458814E-04   2.0573845782E-04   2.7362209277E-04
   41      2.1106623400E-04  -4.6264043212E-04  -3.0195922811E-04   6.3903972714E-04   6.3758922374E-04
   42      5.5054239891E-06   2.1410891152E-04  -9.8214510855E-05  -3.3964067467E-04  -5.5589440069E-04
   43     -2.7554691311E-06   2.1874283101E-04   6.7855217742E-05  -5.9294124048E-05   2.6409793939E-04
   44      1.5102122789E-04   1.1965600998E-05  -5.8745618817E-06  -3.6788140704E-04  -2.1713404011E-04
                   35                 36                 37                 38                 39        
    0      1.2594954575E-03   1.0459309067E-02   1.6852208319E-02  -1.3854457346E-03  -7.6240647639E-04
    1     -4.2080191185E-04  -1.0337755926E-02  -9.9401461315E-03   7.0149751161E-04  -5.1093088495E-04
    2      1.0772223616E-02  -1.8990980202E-03  -2.6262014598E-03   1.8592115164E-03   1.3383466130E-03
    3      1.1101459868E-04  -1.6888171662E-03  -1.5762889533E-03   2.3255851732E-04  -3.3688700105E-04
    4     -3.3361716697E-04  -3.3823192645E-03  -3.5991170601E-03   2.0601775809E-05   8.7609064589E-05
    5      1.7851335259E-03   4.6121388119E-04   1.1399261584E-03   1.7497240852E-03   4.7937626729E-05
    6      4.7665308732E-04  -4.5114631856E-03  -1.4909845481E-03   2.9216663188E-04  -8.8002776837E-04
    7     -3.1361668826E-04  -1.0304229580E-03  -3.4647029401E-04  -3.1889052700E-04   4.7161960154E-04
    8      1.6615380295E-03   1.3458018296E-03  -5.8545588468E-04   1.0723670290E-02  -1.2279101240E-03
    9     -2.6730619784E-03  -9.1043236708E-03  -5.4097013279E-03   2.8053092327E-04  -2.8196157461E-03
   10     -3.2721940089E-03   2.8091984196E-02   5.1245042956E-03  -3.8940146101E-04  -1.0487462796E-03
   11     -3.7163130153E-02   1.7706077479E-03   2.4375349349E-04   4.3587174362E-03  -1.7812150355E-03
   12      1.1725186969E-03  -1.4862436095E-01   1.3504457122E-01   1.3961581387E-02  -7.2850037720E-04
   13      2.4749365843E-03   1.2996760694E-01  -2.5103778070E-01  -1.6557110540E-02   1.0865072508E-03
   14      4.4575100743E-03   1.3976914204E-02  -1.6217144945E-02  -3.8766961020E-02   1.8425928452E-03
   15     -1.1164551592E-03   2.0783039328E-05  -1.5276304853E-04   1.0254839171E-05   3.2521300499E-04
   16     -2.3064501964E-03   5.6495897772E-04  -7.5600796294E-06  -7.6783818661E-04  -2.0062958521E-04
   17     -1.4957477844E-04   4.0907807073E-04   6.6171581619E-04  -1.7364259734E-04   5.9039900413E-05
   18      6.6089517345E-04   1.8824304410E-04  -3.8839470776E-04   2.5247814671E-04   5.2043181475E-04
   19      2.0049840305E-03   9.3938154244E-04   5.9500795406E-04   3.7695170377E-04   4.2230198428E-04
   20     -1.5578547187E-04  -3.1749244983E-04  -3.9445881269E-04   6.6690673256E-05  -2.0357161745E-06
   21     -2.5930018750E-04   7.8252511272E-04   1.0664548478E-03   1.8829329966E-04   1.3380714490E-04
   22     -1.9764892695E-04  -4.0671558142E-04  -7.2346578224E-04  -1.6204851585E-04  -4.8100020761E-05
   23      5.7583838790E-05  -2.4429206717E-04  -5.7908155636E-04   6.0169425544E-05  -1.9840478356E-06
   24      3.3671755000E-04   1.4628769312E-04   2.4427155714E-04  -3.6087398352E-04   1.1689189469E-04
   25      2.2047304959E-04  -5.2649411524E-05  -2.9942698104E-04   2.4542596771E-04  -1.7472957650E-05
   26     -1.3448069345E-04  -1.4044042935E-05  -1.4493080729E-04  -9.1344324924E-05  -1.0239908709E-04
   27     -2.8969507360E-04  -4.7400604677E-04   2.0486889126E-04  -6.2817669809E-04   6.6885939889E-04
   28      4.7324298867E-04   1.2449343285E-03   1.3642349223E-04   1.8826633897E-03  -5.4848690572E-04
   29      5.6438722751E-05  -1.9472355126E-04   1.1381320274E-04  -5.4613995341E-05  -1.0215836221E-04
   30     -3.7820098912E-05  -2.1676365295E-04   8.0471689012E-05   1.1093597925E-03   3.4531131334E-04
   31     -7.0482247567E-04   4.0988091529E-04   2.3148474175E-04  -2.3441871495E-03   1.3756443067E-04
   32     -1.4390407299E-04   2.0887905839E-05   7.0691785934E-05  -2.7382222166E-04  -7.0310581021E-05
   33      1.6809160226E-03   1.0149905688E-03   7.7132499698E-04  -2.0225942851E-04   1.7886226883E-04
   34      2.8886000458E-03  -7.6523321087E-04   3.8130870459E-04   1.8859231312E-04   6.1866132330E-04
   35      2.4601623652E-02  -4.5817617504E-04   1.3879818499E-04  -5.2056703452E-03  -2.6335007522E-04
   36     -4.5817617504E-04   1.5203905398E-01  -1.4508988748E-01  -1.4651289545E-02   1.6600611188E-04
   37      1.3879818499E-04  -1.4508988748E-01   2.5895135428E-01   1.7749613150E-02  -6.0938402159E-04
   38     -5.2056703452E-03  -1.4651289545E-02   1.7749613150E-02   2.6234048235E-02   2.2338641778E-04
   39     -2.6335007522E-04   1.6600611188E-04  -6.0938402159E-04   2.2338641778E-04   2.7111991030E-03
   40     -6.1195170256E-04  -2.8353661465E-04   2.9341754426E-04  -5.8287901178E-04   3.5049282916E-03
   41     -3.7818709870E-04  -7.6431461248E-04   7.4097838325E-04  -3.2666252730E-04   3.7836911846E-04
   42     -5.9777648975E-04  -1.9746394327E-04   4.8479435289E-04   6.8137043922E-04   3.6085531381E-04
   43     -2.1841124882E-05   9.8211759044E-05   2.4046602065E-04  -4.1067423410E-05  -3.3460147112E-03
   44     -6.1318845742E-05   5.5499181958E-04  -3.1393970540E-04  -1.5951462993E-04  -3.3942516704E-04
                   40                 41                 42                 43                 44        
    0     -8.3279354254E-04  -7.8965068555E-04  -5.4279967299E-04   2.5159644881E-04   6.9990136271E-04
    1     -9.4538835439E-04  -4.4625573847E-04  -2.5712370395E-04  -5.6054501106E-05   6.9387630191E-04
    2      1.7528075334E-03  -1.9395835150E-04   2.7265088617E-04  -3.0295318940E-04  -7.0275414528E-04
    3     -1.4292968368E-05   8.8667347466E-06  -1.3582616178E-04   4.1900667410E-05  -3.9979702879E-05
    4     -9.8376046270E-04   9.5084014201E-04  -1.2529889155E-04  -5.5571308216E-04  -2.6453403943E-04
    5      3.0018610358E-04   9.3598661032E-04   6.3522285111E-05  -3.3993906003E-04  -2.7091851605E-04
    6      1.0050489481E-03   8.8336337111E-04  -6.8778526598E-04  -3.5571448359E-04  -7.2500941843E-04
    7     -9.4357535137E-04  -4.6223849751E-04   5.1145897655E-04  -9.2597804353E-05   6.4130750656E-04
    8      1.6391139546E-03  -8.6675844491E-05  -2.6398838318E-04  -2.9702143321E-04  -6.8791562178E-04
    9     -1.9260436411E-03  -1.6123620698E-02   1.0403667519E-04   2.0527872384E-03   1.1673403901E-03
   10     -2.3132677843E-03   2.9716206242E-04   1.3027114335E-03  -2.2075598357E-05   2.0873590194E-03
   11      8.3127722112E-04   7.4333301647E-04  -1.8810348627E-04  -1.0877250870E-03  -1.2902815431E-03
   12      1.9961723636E-03   1.6275064240E-02   4.8268403853E-04  -2.1427585139E-03  -1.3315419670E-03
   13     -2.3187702725E-03   1.3602774644E-04  -9.1373830301E-04   6.6779272616E-06   2.2280592306E-03
