
$orca_hessian_file

$act_atom
  0

$act_coord
  0

$act_energy
     -270.665237

$multiplicity
  1

$hessian
45
                    0                  1                  2                  3                  4        
    0      3.5247983045E-01   8.6935164647E-02   2.9346193201E-01  -1.9848823429E-01  -5.1755767586E-02
    1      8.6935164647E-02   6.4964739584E-01   1.0810933823E-01  -4.6452036473E-02  -1.2069996738E-01
    2      2.9346193201E-01   1.0810933823E-01   5.6090374151E-01  -2.0886593573E-01  -6.9142056986E-02
    3     -1.9848823429E-01  -4.6452036473E-02  -2.0886593573E-01   3.6779439573E-01  -2.3535196575E-02
    4     -5.1755767586E-02  -1.2069996738E-01  -6.9142056986E-02  -2.3535196575E-02   5.6793111033E-01
    5     -2.1215375401E-01  -6.2554380368E-02  -3.5590012900E-01   3.2761908047E-01  -4.6802141319E-02
    6     -6.1865060202E-02  -6.2728329841E-02  -3.1751518180E-02   1.3404656138E-03  -1.6647127909E-02
    7     -6.5693494413E-02  -2.9885503760E-01  -8.2709482217E-02   1.9472964014E-03   3.5801392439E-04
    8     -3.0905178560E-02  -7.8046289986E-02  -7.7349912791E-02  -4.2320659330E-03  -2.4859298763E-02
    9      1.2662079032E-03  -1.8898175578E-02  -1.0795946462E-02  -7.6223729998E-02  -1.0053159309E-02
   10     -1.0127753667E-02  -2.1512281634E-02  -1.7969555449E-02  -1.6290807682E-02  -1.9814899360E-01
   11     -9.0038978898E-03  -2.7042035651E-02  -7.4637547421E-03  -6.9552903901E-03  -1.1684109920E-02
   12     -1.3431434929E-03   1.4206595071E-02  -8.4578834027E-03  -8.7223002965E-02   7.5678871446E-02
   13     -5.2160833829E-03   9.1993680289E-03  -7.6895020148E-03   7.8673699323E-02  -1.9354123231E-01
   14     -7.4135796947E-03   1.9764258871E-02  -7.4232188333E-03  -7.7520491828E-02   1.1708735334E-01
   15      4.6041803784E-03  -3.8468607021E-04   2.3997920133E-03  -1.5584368373E-03   1.1044197321E-02
   16     -1.2421013969E-02  -4.0602600482E-02  -6.1419393787E-03   9.6008456758E-03  -2.7789447467E-02
   17      5.3769689831E-03  -2.7215349910E-03   3.9861917411E-03  -2.7106392758E-03   1.3976000606E-02
   18      9.7848600564E-05  -5.2511255557E-04  -1.3145215415E-03   3.1213308788E-03  -1.1842215999E-03
   19      3.8499119703E-04  -3.6947739318E-03   1.1409410718E-03   1.6801577145E-02  -1.1848104177E-02
   20      4.3289652355E-04  -5.1259965570E-04   7.5103352428E-04  -4.5191641890E-04  -4.1739225586E-03
   21      1.2404369180E-04  -5.6023985338E-05   2.9138132820E-04   1.2663580503E-03   1.9276462309E-06
   22     -3.9960127821E-04  -5.5293650171E-03  -1.2965384049E-04  -3.2822763766E-02  -6.6070180314E-03
   23     -5.9102463395E-04   5.4289523793E-04   1.3478911771E-04  -2.8092499319E-03  -2.2923309326E-03
   24     -8.5561774248E-02   2.7386096672E-02  -2.1796605639E-02  -6.9800891112E-03   1.5681577564E-02
   25      3.5044895010E-02  -1.6494759973E-01   5.0738779292E-02   9.5263878885E-03  -9.6424774128E-04
   26     -2.2089123261E-02   4.1298482880E-02  -1.0369578993E-01  -2.1351877845E-02   2.2535570154E-02
   27     -1.6696518137E-03  -3.2508532656E-03  -2.0924754829E-03  -4.5761953265E-04  -5.4174983745E-04
   28     -1.7014764808E-03  -2.9281663703E-03  -1.5462977261E-03   5.1367269840E-04  -1.2705846964E-03
   29     -1.7588850381E-03  -7.3485330397E-04  -1.6438370748E-03  -2.5308190538E-03   2.2672918158E-03
   30     -3.8081741989E-04   3.3150763744E-05  -4.2297383221E-04  -1.0186185996E-04  -6.3115958453E-04
   31     -5.3965466709E-04   1.7993456023E-04  -1.1041441937E-03   6.2188985509E-04   3.3853259009E-04
   32     -8.1729273480E-04   3.6026229242E-04  -4.3536520644E-04  -4.8202025693E-04  -6.4158336348E-04
   33     -7.9544771601E-03   3.7940114741E-03  -1.8946935187E-03   8.8400140471E-04   1.6291897467E-03
   34      2.9204790177E-02  -4.0080343307E-03  -3.4022842566E-03  -2.2264388755E-04  -3.2846632761E-03
   35     -1.6383447764E-02   3.1116087998E-03   1.4749899687E-03  -1.0446497370E-03   1.5041232450E-03
   36      1.8457006964E-04  -1.7343366231E-04  -1.1445776105E-02   6.4864002169E-05   4.8547116871E-04
   37     -4.1746526009E-03   3.7588508420E-03   3.0108872869E-02   1.3247843404E-03  -4.7465729272E-03
   38      1.9320904907E-04  -8.2062812095E-04  -1.1143649592E-02  -8.9506187094E-05   1.6110902372E-03
   39     -4.7145337335E-03   5.0237809310E-05  -2.8762065796E-04  -1.4723512912E-03   5.3099446155E-04
   40      1.8714192257E-03   3.1101166333E-04   2.9521434365E-04   1.3984926480E-04  -5.3939802241E-04
   41      2.9734490712E-03   3.5535858909E-04  -2.4270671373E-04   6.7470353839E-04  -7.8527899373E-04
   42      3.2210112674E-03   2.0797219839E-05   3.0008408320E-03  -1.9660897985E-03  -6.7117561542E-04
   43     -1.3691644386E-03  -3.1873445566E-04  -6.1512020111E-04   1.4077445288E-04   8.1257278616E-04
   44     -1.3502676787E-03  -1.0529923632E-03  -1.9523819747E-03   7.8842939933E-04   1.4036211880E-03
                    5                  6                  7                  8                  9        
    0     -2.1215375401E-01  -6.1865060202E-02  -6.5693494413E-02  -3.0905178560E-02   1.2662079032E-03
    1     -6.2554380368E-02  -6.2728329841E-02  -2.9885503760E-01  -7.8046289986E-02  -1.8898175578E-02
    2     -3.5590012900E-01  -3.1751518180E-02  -8.2709482217E-02  -7.7349912791E-02  -1.0795946462E-02
    3      3.2761908047E-01   1.3404656138E-03   1.9472964014E-03  -4.2320659330E-03  -7.6223729998E-02
    4     -4.6802141319E-02  -1.6647127909E-02   3.5801392439E-04  -2.4859298763E-02  -1.0053159309E-02
    5      6.2741188602E-01  -3.4101337669E-03   3.0683086295E-03  -1.1277232129E-03  -6.8632133736E-03
    6     -3.4101337669E-03   5.2321059615E-02   7.1190017077E-02   3.6491452702E-02   6.4986230902E-03
    7      3.0683086295E-03   7.1190017077E-02   3.1180876897E-01   8.8515873523E-02  -2.4415758882E-04
    8     -1.1277232129E-03   3.6491452702E-02   8.8515873523E-02   7.2653415038E-02  -8.3868515606E-03
    9     -6.8632133736E-03   6.4986230902E-03  -2.4415758882E-04  -8.3868515606E-03   5.8193720792E-01
   10     -2.2237309094E-02  -4.5806275741E-04   5.7156117176E-05   3.6551714459E-04   3.5564369070E-02
   11     -7.9960204966E-02  -7.2966641205E-03   8.0330210376E-04   3.7684222931E-04  -4.0074217842E-03
   12     -7.6752078270E-02  -3.5390892201E-03  -2.5034738571E-04   3.1402018333E-03   3.2817609014E-03
   13      1.2170511491E-01   5.9074816399E-04   4.3803143435E-04   6.5332233529E-04   1.0413062244E-02
   14     -1.5724553418E-01   3.1006929932E-03  -5.7097068814E-04  -1.1702887583E-03   3.0165648025E-03
   15     -3.0467388542E-03   1.4605623540E-04   1.7449769342E-03  -2.4389109277E-03  -8.6340622101E-02
   16      2.6815052412E-02   1.6268455078E-03  -2.4699315122E-03   3.2352751229E-03   9.2116987352E-03
   17     -2.7962288694E-03  -1.8705212736E-03   8.7291470898E-04  -1.1132723864E-03  -2.4388032482E-02
   18     -4.1545728715E-03  -5.7290332890E-04  -4.0536824301E-05   2.6437368856E-04  -1.3275583852E-01
   19     -2.7866966266E-02  -2.5633831512E-03   4.9234074857E-05   1.0235876947E-03   4.5037241226E-02
   20     -1.9254129669E-03  -3.6034574355E-04  -1.6061855692E-04   1.3925424027E-04   1.1087007421E-01
   21     -3.5585765264E-04   6.1099062202E-05   1.1581494227E-06   1.4975137071E-05  -2.8453563463E-01
   22     -7.5277643101E-03   1.1561802985E-03  -1.2694587584E-04  -2.3153720335E-03  -6.4053989380E-02
   23     -1.8856217544E-03   4.8237706053E-05  -3.2630348113E-04  -2.6186125737E-04  -4.7862354054E-02
   24     -1.8894303544E-02   5.0735898103E-03  -7.8392062475E-03   5.2439768386E-03  -1.4108143276E-02
   25      1.1638491945E-02   8.3033941850E-03  -1.0222424219E-02   1.2184655690E-02   1.4989508441E-03
   26     -1.9988303421E-02   4.3338186279E-03  -9.4038145319E-03   7.1010556082E-03  -1.8873120516E-02
   27     -1.5498193179E-03   3.7857988905E-04  -8.3569081158E-04   7.0486585204E-04  -4.3129289048E-03
   28      1.2627531410E-03   1.2457065702E-04  -7.4522424158E-04   7.4163876205E-04   3.7336539720E-03
   29     -4.4748346108E-03   1.1424440230E-04  -3.4340981433E-04   5.5475084994E-04  -1.2980923814E-02
   30     -6.7065624717E-04   8.8330147595E-05  -1.9522974473E-04   1.1304861146E-04   8.3838865701E-03
   31      3.2269921293E-04   2.9094049208E-04  -2.7200114603E-04  -3.2661929480E-05  -9.4699998472E-03
   32     -8.8561539037E-04   3.1081689469E-04  -2.9307124180E-05  -6.1108834243E-05   2.1491160068E-02
   33      4.5891733458E-04  -3.7209407566E-04   5.0041210749E-04  -2.8916883761E-04  -1.4774836661E-03
   34      4.7403917726E-04  -7.0043572903E-04  -2.3223719451E-04   4.2943779989E-05   6.9095706490E-05
   35     -4.6079331533E-04   3.3825384289E-04  -3.0204725705E-05   1.7754966841E-04  -1.0353744747E-03
   36     -8.5146955419E-04   2.3215787815E-04  -1.4752066088E-04   4.9519380306E-04  -1.1633809752E-03
   37      1.9652508556E-03  -3.1985376066E-04   5.0473959266E-04  -1.1203891609E-03  -2.1155703148E-03
   38     -6.4760125058E-04  -1.8905110045E-04   4.9189951833E-04   2.7022527537E-04  -2.0016387892E-04
   39      4.3523012629E-03   1.0257176444E-04   6.2871701083E-05   7.6010570713E-05   2.6547240483E-04
   40     -1.6481008767E-03  -2.2790370543E-04   2.3040220196E-04   1.9387109333E-04  -1.1493854650E-04
   41     -2.1583880264E-03  -2.4802152586E-04   1.5825568584E-04   1.2744499159E-04  -2.8745129453E-05
   42     -3.7654524231E-03   1.0661372095E-04  -2.0944152310E-04  -3.0979671245E-04  -7.1539671903E-04
   43      1.3806242005E-03   3.7129330050E-04  -5.2254452839E-04  -5.9703683998E-04  -6.1930552440E-04
   44      2.0445049488E-03   4.0661203611E-04  -3.2207946289E-04  -3.1637066051E-04   1.6982806232E-05
                   10                 11                 12                 13                 14        
    0     -1.0127753667E-02  -9.0038978898E-03  -1.3431434929E-03  -5.2160833829E-03  -7.4135796947E-03
    1     -2.1512281634E-02  -2.7042035651E-02   1.4206595071E-02   9.1993680289E-03   1.9764258871E-02
    2     -1.7969555449E-02  -7.4637547421E-03  -8.4578834027E-03  -7.6895020148E-03  -7.4232188333E-03
    3     -1.6290807682E-02  -6.9552903901E-03  -8.7223002965E-02   7.8673699323E-02  -7.7520491828E-02
    4     -1.9814899360E-01  -1.1684109920E-02   7.5678871446E-02  -1.9354123231E-01   1.1708735334E-01
    5     -2.2237309094E-02  -7.9960204966E-02  -7.6752078270E-02   1.2170511491E-01  -1.5724553418E-01
    6     -4.5806275741E-04  -7.2966641205E-03  -3.5390892201E-03   5.9074816399E-04   3.1006929932E-03
    7      5.7156117176E-05   8.0330210376E-04  -2.5034738571E-04   4.3803143435E-04  -5.7097068814E-04
    8      3.6551714459E-04   3.7684222931E-04   3.1402018333E-03   6.5332233529E-04  -1.1702887583E-03
    9      3.5564369070E-02  -4.0074217842E-03   3.2817609014E-03   1.0413062244E-02   3.0165648025E-03
   10      4.5233995715E-01   6.1388467764E-02  -4.0015937537E-03  -7.8115583703E-03  -5.2844576539E-03
   11      6.1388467764E-02   5.1829152149E-01   3.4969933976E-03   1.7477051842E-02   6.5523393926E-03
   12     -4.0015937537E-03   3.4969933976E-03   8.1325761247E-02  -8.3362755870E-02   8.7217617230E-02
   13     -7.8115583703E-03   1.7477051842E-02  -8.3362755870E-02   1.9649961027E-01  -1.3042917392E-01
   14     -5.2844576539E-03   6.5523393926E-03   8.7217617230E-02  -1.3042917392E-01   1.5890582361E-01
   15      1.2032829892E-02  -1.9408670593E-02   9.8208875385E-04   2.7844526399E-04  -1.2005518400E-03
   16     -8.4802405555E-02   3.2761713872E-02  -2.0772369474E-03  -4.4802645872E-03  -2.0383338607E-03
   17      3.4710173191E-02  -1.4940854847E-01  -1.1372507676E-03  -1.3537059806E-03  -1.9242562874E-06
   18      4.2804475123E-02   1.1139446460E-01   7.3188672800E-05   3.9291205733E-04   2.1839055464E-04
   19     -6.6879750603E-02  -5.9099996731E-02  -2.1965200244E-04  -1.5826845842E-04   7.2195609685E-04
   20     -5.4714641840E-02  -1.9514199957E-01   8.9973658248E-05  -4.9210209766E-04  -3.7535334928E-04
   21     -6.4350787054E-02  -5.0294854265E-02   9.0471890868E-05  -7.2896891011E-04  -1.4222139063E-04
   22     -6.4896660160E-02  -1.2589617065E-02   8.8871260991E-04   8.0389983338E-04   4.8620199523E-04
   23     -1.1663343924E-02  -5.5524950815E-02   1.4634337081E-04  -6.9344608060E-05   1.2575824858E-04
   24     -1.4208692870E-03  -8.3269814402E-03   6.7485991024E-03  -1.6374678994E-03  -6.8545552005E-03
   25      4.1306208997E-03  -5.5081119995E-03  -1.6439560844E-03  -9.3496871399E-04  -1.0093711174E-03
   26     -1.3528322747E-02  -2.1779861152E-02  -7.9132785180E-03  -1.6002107392E-03   1.0734495037E-03
   27      6.6401894544E-03   2.7156752906E-03   3.3495701063E-04   2.8801585569E-04   6.6823145602E-05
   28     -6.8155005050E-03  -3.0315003118E-03  -2.4026101571E-04  -4.5888400926E-04   1.7880092937E-05
   29      2.4952290965E-02   3.8377201912E-03   5.3072826398E-04   1.4411886838E-03   3.1366749674E-04
   30      3.1156960624E-03  -9.1039446355E-03  -2.2813935174E-04   4.6727948239E-05   2.6740472075E-04
   31     -1.5197582594E-03   6.7575546828E-03   1.4151301117E-04  -2.0640351381E-04  -7.3888640054E-05
   32      4.1672020002E-03  -2.0208531363E-02  -1.2501000209E-04   3.5163295477E-04   1.7727337419E-04
   33     -4.0599418184E-04  -3.8943191042E-04   4.8325978345E-04   3.8184362941E-05  -5.8791745976E-04
   34     -1.9415773535E-04  -5.2280771467E-04  -1.5589158690E-03   2.9985614357E-04   1.6131039599E-03
   35      6.0622574795E-04   6.4411301839E-04   1.0647931885E-03  -7.2724690224E-05  -1.1326678973E-03
   36     -2.3298086918E-03  -2.6117290118E-03  -8.5114863635E-04   8.6969819001E-05  -5.8826533452E-05
   37     -3.6512820104E-03   3.0516338143E-05   2.2382734357E-03   4.2568462494E-04  -3.3534396190E-04
   38     -8.0588850284E-04  -3.1827126865E-04  -9.1969984431E-04  -5.2223907028E-05   1.1652479375E-04
   39      3.1813362270E-04  -3.3532201839E-04   1.9981936025E-04  -8.5878432541E-05  -1.7821752056E-04
   40     -3.9581634684E-04  -5.2170481785E-04  -1.2993029579E-04   1.0402777518E-04   3.9909129997E-05
   41     -2.0139455319E-04  -1.5636463960E-05   2.0390725766E-04  -9.5842020017E-05   4.4742662225E-05
   42     -1.0487918581E-03   1.5444041348E-04  -3.3538305657E-04   2.1451148636E-04   1.2138681231E-04
   43      1.0043061083E-04   8.0721214965E-04   3.3856162073E-04  -1.7889814425E-04   4.9339998264E-05
   44      1.8910240885E-04   1.1922249414E-04  -6.3787618766E-04   1.8805561812E-04   3.9408197328E-05
                   15                 16                 17                 18                 19        
    0      4.6041803784E-03  -1.2421013969E-02   5.3769689831E-03   9.7848600564E-05   3.8499119703E-04
    1     -3.8468607021E-04  -4.0602600482E-02  -2.7215349910E-03  -5.2511255557E-04  -3.6947739318E-03
    2      2.3997920133E-03  -6.1419393787E-03   3.9861917411E-03  -1.3145215415E-03   1.1409410718E-03
    3     -1.5584368373E-03   9.6008456758E-03  -2.7106392758E-03   3.1213308788E-03   1.6801577145E-02
    4      1.1044197321E-02  -2.7789447467E-02   1.3976000606E-02  -1.1842215999E-03  -1.1848104177E-02
    5     -3.0467388542E-03   2.6815052412E-02  -2.7962288694E-03  -4.1545728715E-03  -2.7866966266E-02
    6      1.4605623540E-04   1.6268455078E-03  -1.8705212736E-03  -5.7290332890E-04  -2.5633831512E-03
    7      1.7449769342E-03  -2.4699315122E-03   8.7291470898E-04  -4.0536824301E-05   4.9234074857E-05
    8     -2.4389109277E-03   3.2352751229E-03  -1.1132723864E-03   2.6437368856E-04   1.0235876947E-03
    9     -8.6340622101E-02   9.2116987352E-03  -2.4388032482E-02  -1.3275583852E-01   4.5037241226E-02
   10      1.2032829892E-02  -8.4802405555E-02   3.4710173191E-02   4.2804475123E-02  -6.6879750603E-02
   11     -1.9408670593E-02   3.2761713872E-02  -1.4940854847E-01   1.1139446460E-01  -5.9099996731E-02
   12      9.8208875385E-04  -2.0772369474E-03  -1.1372507676E-03   7.3188672800E-05  -2.1965200244E-04
   13      2.7844526399E-04  -4.4802645872E-03  -1.3537059806E-03   3.9291205733E-04  -1.5826845842E-04
   14     -1.2005518400E-03  -2.0383338607E-03  -1.9242562874E-06   2.1839055464E-04   7.2195609685E-04
   15      5.3287798756E-01  -4.6933300109E-02  -8.2677646516E-02   6.5362003041E-03  -9.4286721347E-03
   16     -4.6933300109E-02   5.7646768639E-01  -1.2260999748E-02  -3.5339708766E-03   2.3650396220E-03
   17     -8.2677646516E-02  -1.2260999748E-02   4.5801625759E-01  -8.1191244988E-03   1.2280485192E-02
   18      6.5362003041E-03  -3.5339708766E-03  -8.1191244988E-03   1.4087432459E-01  -4.6866445144E-02
   19     -9.4286721347E-03   2.3650396220E-03   1.2280485192E-02  -4.6866445144E-02   7.6753479086E-02
   20      1.6585049903E-02  -5.9641656965E-03  -1.8008375594E-02  -1.2133070185E-01   6.3399437819E-02
   21     -5.7168823332E-03  -2.1409183444E-03   4.9971000067E-04  -1.8993446719E-02  -5.0188435229E-03
   22      1.3706655446E-02   4.0948534477E-03   3.4793075207E-03   9.8578008573E-03   3.1057841585E-03
   23     -2.3830030628E-02  -8.6903475471E-03  -6.4020376713E-03   2.4202041396E-02   6.7797627675E-03
   24     -1.1056560007E-01  -4.0526755851E-02  -1.6368366781E-02   8.5390541986E-04   8.6530103666E-04
   25     -4.2936508848E-02  -1.1941790613E-01  -2.8837525006E-02  -4.7222157492E-04  -2.5611238610E-04
   26     -2.1412515475E-02  -2.6764807145E-02  -9.0465897520E-02   3.1081589561E-05  -4.0336224697E-04
   27     -1.1434736057E-01   1.1676874703E-01   1.7723969308E-02   1.1297585061E-03  -5.3152184654E-04
   28      1.1386520363E-01  -2.4706281656E-01  -2.9058332960E-02  -4.7488777576E-04   9.0437384903E-04
   29      1.8428331034E-02  -3.1022129035E-02  -5.1824734731E-02   4.6746307018E-04  -5.6892761020E-04
   30     -2.1245259714E-01  -3.1970428314E-02   1.2629302622E-01   6.7557187921E-04   1.1611415845E-03
   31     -3.0945719612E-02  -5.7796816788E-02   2.5338106052E-02   2.9248959631E-04  -4.1755508947E-04
   32      1.2599460732E-01   2.6055760242E-02  -1.3705938898E-01  -1.8725192528E-03   3.4998193415E-03
   33     -1.4054041684E-02   2.2213625325E-03   5.1957353033E-03  -2.7480510433E-04   8.6888350194E-05
   34     -2.3829135771E-02   1.8584812159E-03   6.8210909410E-03   2.2827092921E-04   6.1157578940E-05
   35     -1.1443020831E-02   2.7600944473E-03   2.9968172443E-03   4.5912903286E-04  -9.8021139723E-05
   36      3.6946931135E-05   3.2045511205E-04  -1.8065171629E-02  -5.4544513321E-04   1.3221154982E-04
   37      1.7453130246E-03  -7.2454230999E-05  -2.3236684306E-02  -1.7173112845E-04   5.5938276865E-04
   38      1.9031903574E-03   1.0589257157E-03  -7.9458841710E-03  -8.9859795056E-05  -1.1792135878E-04
   39     -7.4105367806E-05   1.0279093996E-04  -9.4433518641E-05  -6.8924055424E-05   3.5631052088E-04
   40     -4.0343837491E-05   4.2200833322E-05  -5.0014024051E-05   7.1530524781E-05   5.8995749602E-04
   41     -7.3578826144E-05  -7.6643370545E-05  -4.9185816494E-05  -1.5075351223E-05   6.6643276967E-04
   42     -7.3814062691E-05  -1.7843601369E-04   3.0928848946E-04  -1.5076598636E-04  -2.1495248290E-04
   43      1.0059762540E-05  -3.3361819700E-04   9.9017195090E-05  -3.6054393445E-04  -1.1338439878E-03
   44      2.5318230162E-04   2.1424557909E-04   7.6211889024E-05  -1.3855247384E-04  -1.3358396820E-03
                   20                 21                 22                 23                 24        
    0      4.3289652355E-04   1.2404369180E-04  -3.9960127821E-04  -5.9102463395E-04  -8.5561774248E-02
    1     -5.1259965570E-04  -5.6023985338E-05  -5.5293650171E-03   5.4289523793E-04   2.7386096672E-02
    2      7.5103352428E-04   2.9138132820E-04  -1.2965384049E-04   1.3478911771E-04  -2.1796605639E-02
    3     -4.5191641890E-04   1.2663580503E-03  -3.2822763766E-02  -2.8092499319E-03  -6.9800891112E-03
    4     -4.1739225586E-03   1.9276462309E-06  -6.6070180314E-03  -2.2923309326E-03   1.5681577564E-02
    5     -1.9254129669E-03  -3.5585765264E-04  -7.5277643101E-03  -1.8856217544E-03  -1.8894303544E-02
    6     -3.6034574355E-04   6.1099062202E-05   1.1561802985E-03   4.8237706053E-05   5.0735898103E-03
    7     -1.6061855692E-04   1.1581494227E-06  -1.2694587584E-04  -3.2630348113E-04  -7.8392062475E-03
    8      1.3925424027E-04   1.4975137071E-05  -2.3153720335E-03  -2.6186125737E-04   5.2439768386E-03
    9      1.1087007421E-01  -2.8453563463E-01  -6.4053989380E-02  -4.7862354054E-02  -1.4108143276E-02
   10     -5.4714641840E-02  -6.4350787054E-02  -6.4896660160E-02  -1.1663343924E-02  -1.4208692870E-03
   11     -1.9514199957E-01  -5.0294854265E-02  -1.2589617065E-02  -5.5524950815E-02  -8.3269814402E-03
   12      8.9973658248E-05   9.0471890868E-05   8.8871260991E-04   1.4634337081E-04   6.7485991024E-03
   13     -4.9210209766E-04  -7.2896891011E-04   8.0389983338E-04  -6.9344608060E-05  -1.6374678994E-03
   14     -3.7535334928E-04  -1.4222139063E-04   4.8620199523E-04   1.2575824858E-04  -6.8545552005E-03
   15      1.6585049903E-02  -5.7168823332E-03   1.3706655446E-02  -2.3830030628E-02  -1.1056560007E-01
   16     -5.9641656965E-03  -2.1409183444E-03   4.0948534477E-03  -8.6903475471E-03  -4.0526755851E-02
   17     -1.8008375594E-02   4.9971000067E-04   3.4793075207E-03  -6.4020376713E-03  -1.6368366781E-02
   18     -1.2133070185E-01  -1.8993446719E-02   9.8578008573E-03   2.4202041396E-02   8.5390541986E-04
   19      6.3399437819E-02  -5.0188435229E-03   3.1057841585E-03   6.7797627675E-03   8.6530103666E-04
   20      2.1380760367E-01  -3.4373611219E-03   2.1757592750E-03   4.8694472421E-03   2.8575207920E-04
   21     -3.4373611219E-03   3.0602987906E-01   7.1657059215E-02   5.4380708268E-02   5.6614821742E-04
   22      2.1757592750E-03   7.1657059215E-02   6.9947456758E-02   1.5062481923E-02  -6.6924093680E-04
   23      4.8694472421E-03   5.4380708268E-02   1.5062481923E-02   6.3056277319E-02  -2.3037761522E-03
   24      2.8575207920E-04   5.6614821742E-04  -6.6924093680E-04  -2.3037761522E-03   5.4355719550E-01
   25     -2.4092953458E-04   8.1401076452E-04  -2.2118923284E-03   2.0543511427E-03  -2.4002634880E-02
   26     -1.6067082309E-03  -2.1655461614E-04   2.0609742794E-03  -3.4587004386E-03  -3.3967645283E-03
   27      1.4438603334E-04  -3.1676622919E-04   4.5999002815E-04  -5.2259111374E-04   9.1875343310E-03
   28     -2.3304271595E-06   5.2713986057E-05  -4.8869396091E-04   4.7479746663E-04   1.1031493134E-02
   29      1.8801019201E-03  -7.8380756166E-04   5.1069558918E-04  -9.1088769988E-04   7.2637313066E-03
   30     -2.1666779285E-03   1.7504952533E-03  -1.8657214000E-04  -2.4119706817E-05  -1.6654916306E-02
   31      1.3476343652E-03  -1.3198445863E-04   1.0808160530E-03  -5.5509304881E-04  -1.9111512971E-02
   32     -3.9164358318E-03   5.0224445836E-05  -9.1659286247E-04   1.4522168542E-03  -1.3913943804E-02
   33     -1.2555267917E-04  -2.3851405654E-06  -5.4563942057E-05  -4.4631439318E-04  -2.8343171189E-01
   34     -1.1294187067E-04   5.4839846988E-05   5.0409129783E-04  -6.1937661968E-04   3.9751918729E-02
   35     -3.2111118131E-05   7.5998066812E-05  -1.4174006373E-04  -6.4001755253E-04   4.7863667630E-02
   36     -7.0369947636E-04  -2.2208655805E-04   2.1811531191E-04  -4.9416463102E-04  -4.8812447849E-02
   37     -3.1653572311E-04  -2.3977424235E-04   4.5340249838E-04  -6.7062545454E-04   1.0307274099E-03
   38     -1.7012663094E-04  -1.2583224861E-04   1.1917878396E-04  -3.8982599942E-04   3.0731342662E-02
   39      2.0016213153E-04  -1.5891219830E-04  -6.1354195022E-05   1.9029571230E-04  -2.7538562008E-04
   40      5.5851123206E-04  -1.9769632934E-04   2.1669856457E-04   2.6030237772E-04   3.2161894858E-04
   41      3.6426525766E-05  -3.3713552212E-06   1.5102135157E-04   8.3802180196E-05  -1.2837455468E-04
   42     -3.4055612677E-05   5.7618579061E-05   3.1491784673E-04  -7.7944839869E-05   4.0309598542E-04
   43     -8.1194244860E-04   2.7194126433E-04  -3.4642723804E-04  -3.0298925844E-04  -8.5131152345E-04
   44     -3.0734383490E-04   4.0806595915E-05  -4.0971658468E-04  -2.4838777371E-04   6.0733947338E-04
                   25                 26                 27                 28                 29        
    0      3.5044895010E-02  -2.2089123261E-02  -1.6696518137E-03  -1.7014764808E-03  -1.7588850381E-03
    1     -1.6494759973E-01   4.1298482880E-02  -3.2508532656E-03  -2.9281663703E-03  -7.3485330397E-04
    2      5.0738779292E-02  -1.0369578993E-01  -2.0924754829E-03  -1.5462977261E-03  -1.6438370748E-03
    3      9.5263878885E-03  -2.1351877845E-02  -4.5761953265E-04   5.1367269840E-04  -2.5308190538E-03
    4     -9.6424774128E-04   2.2535570154E-02  -5.4174983745E-04  -1.2705846964E-03   2.2672918158E-03
    5      1.1638491945E-02  -1.9988303421E-02  -1.5498193179E-03   1.2627531410E-03  -4.4748346108E-03
    6      8.3033941850E-03   4.3338186279E-03   3.7857988905E-04   1.2457065702E-04   1.1424440230E-04
    7     -1.0222424219E-02  -9.4038145319E-03  -8.3569081158E-04  -7.4522424158E-04  -3.4340981433E-04
    8      1.2184655690E-02   7.1010556082E-03   7.0486585204E-04   7.4163876205E-04   5.5475084994E-04
    9      1.4989508441E-03  -1.8873120516E-02  -4.3129289048E-03   3.7336539720E-03  -1.2980923814E-02
   10      4.1306208997E-03  -1.3528322747E-02   6.6401894544E-03  -6.8155005050E-03   2.4952290965E-02
   11     -5.5081119995E-03  -2.1779861152E-02   2.7156752906E-03  -3.0315003118E-03   3.8377201912E-03
   12     -1.6439560844E-03  -7.9132785180E-03   3.3495701063E-04  -2.4026101571E-04   5.3072826398E-04
   13     -9.3496871399E-04  -1.6002107392E-03   2.8801585569E-04  -4.5888400926E-04   1.4411886838E-03
   14     -1.0093711174E-03   1.0734495037E-03   6.6823145602E-05   1.7880092937E-05   3.1366749674E-04
   15     -4.2936508848E-02  -2.1412515475E-02  -1.1434736057E-01   1.1386520363E-01   1.8428331034E-02
   16     -1.1941790613E-01  -2.6764807145E-02   1.1676874703E-01  -2.4706281656E-01  -3.1022129035E-02
   17     -2.8837525006E-02  -9.0465897520E-02   1.7723969308E-02  -2.9058332960E-02  -5.1824734731E-02
   18     -4.7222157492E-04   3.1081589561E-05   1.1297585061E-03  -4.7488777576E-04   4.6746307018E-04
   19     -2.5611238610E-04  -4.0336224697E-04  -5.3152184654E-04   9.0437384903E-04  -5.6892761020E-04
   20     -2.4092953458E-04  -1.6067082309E-03   1.4438603334E-04  -2.3304271595E-06   1.8801019201E-03
   21      8.1401076452E-04  -2.1655461614E-04  -3.1676622919E-04   5.2713986057E-05  -7.8380756166E-04
   22     -2.2118923284E-03   2.0609742794E-03   4.5999002815E-04  -4.8869396091E-04   5.1069558918E-04
   23      2.0543511427E-03  -3.4587004386E-03  -5.2259111374E-04   4.7479746663E-04  -9.1088769988E-04
   24     -2.4002634880E-02  -3.3967645283E-03   9.1875343310E-03   1.1031493134E-02   7.2637313066E-03
   25      4.1383882845E-01  -5.7614267004E-03  -1.8474199140E-02  -1.5056754236E-02  -1.0804550708E-02
   26     -5.7614267004E-03   5.9282404851E-01  -1.8291868478E-03  -1.2398911556E-03  -1.5008239203E-03
   27     -1.8474199140E-02  -1.8291868478E-03   1.2123409434E-01  -1.2354506558E-01  -1.7886184466E-02
   28     -1.5056754236E-02  -1.2398911556E-03  -1.2354506558E-01   2.6778164351E-01   3.1619297617E-02
   29     -1.0804550708E-02  -1.5008239203E-03  -1.7886184466E-02   3.1619297617E-02   5.5498542912E-02
   30     -3.2132408130E-03   9.4923676594E-03  -1.2471188044E-02  -3.0196919400E-03   9.2946851371E-03
   31     -4.0379780052E-03   1.2598388813E-02   2.2810116193E-02   5.8337391210E-03  -1.7381260764E-02
   32     -4.6508195160E-03   7.3287159474E-03   2.8233221380E-03   5.8534446015E-04  -2.3239467643E-03
   33      3.4857911984E-02   4.9815115683E-02   1.5017201609E-03  -1.3417161553E-05   1.4786694936E-04
   34     -5.1619763559E-02  -9.6782857833E-03   6.4324137938E-04   1.4131300048E-03   7.7180033645E-04
   35     -9.0954363151E-03  -5.7678625582E-02   3.3784860789E-04   5.7644181805E-04   1.0023771678E-03
   36      8.9171103876E-04   3.3349227359E-02  -2.2441163964E-04  -4.7995270137E-04  -2.3945564941E-04
   37     -4.8358662929E-02  -1.0488502131E-02  -4.4607562383E-04  -1.0338461124E-03  -6.6319181155E-04
   38     -1.1169653481E-02  -3.0761977179E-01  -5.8273547967E-04  -3.5000372981E-04  -4.8501426024E-04
   39      4.2139131644E-04  -4.9576524240E-04  -8.6854244656E-07  -1.1084575027E-04   4.9890267131E-05
   40     -1.9869189579E-04   3.0484569417E-04   5.3491214276E-05   1.7110121313E-04  -1.0288874752E-04
   41     -2.4258689797E-04   4.0563904112E-04  -3.9928490603E-05   5.6176055352E-05   1.6851915277E-05
   42     -6.2562558895E-04   5.4443758495E-04   3.4151034943E-05   2.7613769508E-04  -8.3215757818E-05
   43      2.5755252475E-04   7.3612834969E-05  -5.0482415311E-05  -2.4351700251E-04   6.1577715030E-05
   44      7.0088173113E-04  -9.3842662943E-04  -4.7618267343E-05  -1.0890403128E-04   6.0066608550E-05
                   30                 31                 32                 33                 34        
    0     -3.8081741989E-04  -5.3965466709E-04  -8.1729273480E-04  -7.9544771601E-03   2.9204790177E-02
    1      3.3150763744E-05   1.7993456023E-04   3.6026229242E-04   3.7940114741E-03  -4.0080343307E-03
    2     -4.2297383221E-04  -1.1041441937E-03  -4.3536520644E-04  -1.8946935187E-03  -3.4022842566E-03
    3     -1.0186185996E-04   6.2188985509E-04  -4.8202025693E-04   8.8400140471E-04  -2.2264388755E-04
    4     -6.3115958453E-04   3.3853259009E-04  -6.4158336348E-04   1.6291897467E-03  -3.2846632761E-03
    5     -6.7065624717E-04   3.2269921293E-04  -8.8561539037E-04   4.5891733458E-04   4.7403917726E-04
    6      8.8330147595E-05   2.9094049208E-04   3.1081689469E-04  -3.7209407566E-04  -7.0043572903E-04
    7     -1.9522974473E-04  -2.7200114603E-04  -2.9307124180E-05   5.0041210749E-04  -2.3223719451E-04
    8      1.1304861146E-04  -3.2661929480E-05  -6.1108834243E-05  -2.8916883761E-04   4.2943779989E-05
    9      8.3838865701E-03  -9.4699998472E-03   2.1491160068E-02  -1.4774836661E-03   6.9095706490E-05
   10      3.1156960624E-03  -1.5197582594E-03   4.1672020002E-03  -4.0599418184E-04  -1.9415773535E-04
   11     -9.1039446355E-03   6.7575546828E-03  -2.0208531363E-02  -3.8943191042E-04  -5.2280771467E-04
   12     -2.2813935174E-04   1.4151301117E-04  -1.2501000209E-04   4.8325978345E-04  -1.5589158690E-03
   13      4.6727948239E-05  -2.0640351381E-04   3.5163295477E-04   3.8184362941E-05   2.9985614357E-04
   14      2.6740472075E-04  -7.3888640054E-05   1.7727337419E-04  -5.8791745976E-04   1.6131039599E-03
   15     -2.1245259714E-01  -3.0945719612E-02   1.2599460732E-01  -1.4054041684E-02  -2.3829135771E-02
   16     -3.1970428314E-02  -5.7796816788E-02   2.6055760242E-02   2.2213625325E-03   1.8584812159E-03
   17      1.2629302622E-01   2.5338106052E-02  -1.3705938898E-01   5.1957353033E-03   6.8210909410E-03
   18      6.7557187921E-04   2.9248959631E-04  -1.8725192528E-03  -2.7480510433E-04   2.2827092921E-04
   19      1.1611415845E-03  -4.1755508947E-04   3.4998193415E-03   8.6888350194E-05   6.1157578940E-05
   20     -2.1666779285E-03   1.3476343652E-03  -3.9164358318E-03  -1.2555267917E-04  -1.1294187067E-04
   21      1.7504952533E-03  -1.3198445863E-04   5.0224445836E-05  -2.3851405654E-06   5.4839846988E-05
   22     -1.8657214000E-04   1.0808160530E-03  -9.1659286247E-04  -5.4563942057E-05   5.0409129783E-04
   23     -2.4119706817E-05  -5.5509304881E-04   1.4522168542E-03  -4.4631439318E-04  -6.1937661968E-04
   24     -1.6654916306E-02  -1.9111512971E-02  -1.3913943804E-02  -2.8343171189E-01   3.9751918729E-02
   25     -3.2132408130E-03  -4.0379780052E-03  -4.6508195160E-03   3.4857911984E-02  -5.1619763559E-02
   26      9.4923676594E-03   1.2598388813E-02   7.3287159474E-03   4.9815115683E-02  -9.6782857833E-03
   27     -1.2471188044E-02   2.2810116193E-02   2.8233221380E-03   1.5017201609E-03   6.4324137938E-04
   28     -3.0196919400E-03   5.8337391210E-03   5.8534446015E-04  -1.3417161553E-05   1.4131300048E-03
   29      9.2946851371E-03  -1.7381260764E-02  -2.3239467643E-03   1.4786694936E-04   7.7180033645E-04
   30      2.3110417100E-01   3.7743748319E-02  -1.3107616993E-01  -8.7279010674E-04  -3.6129615427E-03
   31      3.7743748319E-02   5.7896881819E-02  -2.6620200683E-02  -2.0615740119E-03  -2.7641517641E-03
   32     -1.3107616993E-01  -2.6620200683E-02   1.5449305153E-01  -2.0305763389E-03  -2.6112138410E-03
   33     -8.7279010674E-04  -2.0615740119E-03  -2.0305763389E-03   3.1028984955E-01  -4.1608355710E-02
   34     -3.6129615427E-03  -2.7641517641E-03  -2.6112138410E-03  -4.1608355710E-02   5.8027186971E-02
   35     -1.5237298560E-03  -9.1821844770E-04   9.2193785118E-06  -5.0923025004E-02   7.3920378439E-03
   36      1.1965587654E-03   3.7368850323E-04  -4.0043079596E-04  -4.4616344629E-03   1.0684251050E-03
   37      7.0181990034E-04   1.6392888040E-03   5.4299939930E-04   6.8124914083E-04   6.0605994993E-05
   38     -3.5693312892E-04   3.1179024423E-04   1.4565814856E-03   1.3684552997E-03  -4.8152456009E-04
   39      5.9962725873E-05   4.9718400430E-05   1.0421063690E-04   4.0503337369E-04  -5.1060176565E-04
   40     -4.4044448069E-05   3.5158486655E-06   1.0581665491E-04  -3.0913046106E-04  -1.4230215537E-05
   41      1.2738539741E-04   1.7637487409E-06   1.4069125757E-04   1.5090154943E-04  -4.0943962662E-04
   42     -9.6666109623E-05  -9.1061448125E-05  -1.0435747192E-04  -6.6244097938E-04   1.0982108063E-03
   43      9.8446595338E-05   4.1955769959E-05  -1.8221790121E-04   5.6808336545E-04  -1.0727113214E-04
   44     -1.9473339388E-04  -9.3714668746E-06  -1.6735745383E-04  -4.3702108047E-04   7.2994245451E-04
                   35                 36                 37                 38                 39        
    0     -1.6383447764E-02   1.8457006964E-04  -4.1746526009E-03   1.9320904907E-04  -4.7145337335E-03
    1      3.1116087998E-03  -1.7343366231E-04   3.7588508420E-03  -8.2062812095E-04   5.0237809310E-05
    2      1.4749899687E-03  -1.1445776105E-02   3.0108872869E-02  -1.1143649592E-02  -2.8762065796E-04
    3     -1.0446497370E-03   6.4864002169E-05   1.3247843404E-03  -8.9506187094E-05  -1.4723512912E-03
    4      1.5041232450E-03   4.8547116871E-04  -4.7465729272E-03   1.6110902372E-03   5.3099446155E-04
    5     -4.6079331533E-04  -8.5146955419E-04   1.9652508556E-03  -6.4760125058E-04   4.3523012629E-03
    6      3.3825384289E-04   2.3215787815E-04  -3.1985376066E-04  -1.8905110045E-04   1.0257176444E-04
    7     -3.0204725705E-05  -1.4752066088E-04   5.0473959266E-04   4.9189951833E-04   6.2871701083E-05
    8      1.7754966841E-04   4.9519380306E-04  -1.1203891609E-03   2.7022527537E-04   7.6010570713E-05
    9     -1.0353744747E-03  -1.1633809752E-03  -2.1155703148E-03  -2.0016387892E-04   2.6547240483E-04
   10      6.0622574795E-04  -2.3298086918E-03  -3.6512820104E-03  -8.0588850284E-04   3.1813362270E-04
   11      6.4411301839E-04  -2.6117290118E-03   3.0516338143E-05  -3.1827126865E-04  -3.3532201839E-04
   12      1.0647931885E-03  -8.5114863635E-04   2.2382734357E-03  -9.1969984431E-04   1.9981936025E-04
   13     -7.2724690224E-05   8.6969819001E-05   4.2568462494E-04  -5.2223907028E-05  -8.5878432541E-05
   14     -1.1326678973E-03  -5.8826533452E-05  -3.3534396190E-04   1.1652479375E-04  -1.7821752056E-04
   15     -1.1443020831E-02   3.6946931135E-05   1.7453130246E-03   1.9031903574E-03  -7.4105367806E-05
   16      2.7600944473E-03   3.2045511205E-04  -7.2454230999E-05   1.0589257157E-03   1.0279093996E-04
   17      2.9968172443E-03  -1.8065171629E-02  -2.3236684306E-02  -7.9458841710E-03  -9.4433518641E-05
   18      4.5912903286E-04  -5.4544513321E-04  -1.7173112845E-04  -8.9859795056E-05  -6.8924055424E-05
   19     -9.8021139723E-05   1.3221154982E-04   5.5938276865E-04  -1.1792135878E-04   3.5631052088E-04
   20     -3.2111118131E-05  -7.0369947636E-04  -3.1653572311E-04  -1.7012663094E-04   2.0016213153E-04
   21      7.5998066812E-05  -2.2208655805E-04  -2.3977424235E-04  -1.2583224861E-04  -1.5891219830E-04
   22     -1.4174006373E-04   2.1811531191E-04   4.5340249838E-04   1.1917878396E-04  -6.1354195022E-05
   23     -6.4001755253E-04  -4.9416463102E-04  -6.7062545454E-04  -3.8982599942E-04   1.9029571230E-04
   24      4.7863667630E-02  -4.8812447849E-02   1.0307274099E-03   3.0731342662E-02  -2.7538562008E-04
   25     -9.0954363151E-03   8.9171103876E-04  -4.8358662929E-02  -1.1169653481E-02   4.2139131644E-04
   26     -5.7678625582E-02   3.3349227359E-02  -1.0488502131E-02  -3.0761977179E-01  -4.9576524240E-04
   27      3.3784860789E-04  -2.2441163964E-04  -4.4607562383E-04  -5.8273547967E-04  -8.6854244656E-07
   28      5.7644181805E-04  -4.7995270137E-04  -1.0338461124E-03  -3.5000372981E-04  -1.1084575027E-04
   29      1.0023771678E-03  -2.3945564941E-04  -6.6319181155E-04  -4.8501426024E-04   4.9890267131E-05
   30     -1.5237298560E-03   1.1965587654E-03   7.0181990034E-04  -3.5693312892E-04   5.9962725873E-05
   31     -9.1821844770E-04   3.7368850323E-04   1.6392888040E-03   3.1179024423E-04   4.9718400430E-05
   32      9.2193785118E-06  -4.0043079596E-04   5.4299939930E-04   1.4565814856E-03   1.0421063690E-04
   33     -5.0923025004E-02  -4.4616344629E-03   6.8124914083E-04   1.3684552997E-03   4.0503337369E-04
   34      7.3920378439E-03   1.0684251050E-03   6.0605994993E-05  -4.8152456009E-04  -5.1060176565E-04
   35      6.1020810764E-02   3.2696362587E-02  -5.9043225429E-03  -6.9634354345E-03   1.3622770003E-04
   36      3.2696362587E-02   5.4728515356E-02  -5.7476999750E-04  -3.1511931735E-02   2.1444264644E-04
   37     -5.9043225429E-03  -5.7476999750E-04   5.0509010331E-02   1.0217553583E-02  -1.4083624997E-04
   38     -6.9634354345E-03  -3.1511931735E-02   1.0217553583E-02   3.3373201819E-01   8.2534344040E-05
   39      1.3622770003E-04   2.1444264644E-04  -1.4083624997E-04   8.2534344040E-05   3.3243602179E-01
   40     -2.2970134976E-04  -1.8094662454E-04   1.0180669693E-04   5.1494174282E-05  -1.2569597539E-01
   41      1.7628340252E-04   1.2018568188E-04   8.9462146611E-06  -3.4104959031E-05  -1.8888630873E-01
   42     -6.3232388744E-04  -3.7750039502E-04   4.3420525828E-04  -2.0692241883E-04  -3.2691824326E-01
   43      5.3275315245E-04   3.3627613833E-04  -1.4995394351E-04  -6.8550947773E-05   1.2470712829E-01
   44     -5.9450971289E-04  -2.8441020578E-04  -1.3408181560E-04   1.4233560738E-04   1.8511479953E-01
                   40                 41                 42                 43                 44        
    0      1.8714192257E-03   2.9734490712E-03   3.2210112674E-03  -1.3691644386E-03  -1.3502676787E-03
    1      3.1101166333E-04   3.5535858909E-04   2.0797219839E-05  -3.1873445566E-04  -1.0529923632E-03
    2      2.9521434365E-04  -2.4270671373E-04   3.0008408320E-03  -6.1512020111E-04  -1.9523819747E-03
    3      1.3984926480E-04   6.7470353839E-04  -1.9660897985E-03   1.4077445288E-04   7.8842939933E-04
    4     -5.3939802241E-04  -7.8527899373E-04  -6.7117561542E-04   8.1257278616E-04   1.4036211880E-03
    5     -1.6481008767E-03  -2.1583880264E-03  -3.7654524231E-03   1.3806242005E-03   2.0445049488E-03
    6     -2.2790370543E-04  -2.4802152586E-04   1.0661372095E-04   3.7129330050E-04   4.0661203611E-04
    7      2.3040220196E-04   1.5825568584E-04  -2.0944152310E-04  -5.2254452839E-04  -3.2207946289E-04
    8      1.9387109333E-04   1.2744499159E-04  -3.0979671245E-04  -5.9703683998E-04  -3.1637066051E-04
    9     -1.1493854650E-04  -2.8745129453E-05  -7.1539671903E-04  -6.1930552440E-04   1.6982806232E-05
   10     -3.9581634684E-04  -2.0139455319E-04  -1.0487918581E-03   1.0043061083E-04   1.8910240885E-04
   11     -5.2170481785E-04  -1.5636463960E-05   1.5444041348E-04   8.0721214965E-04   1.1922249414E-04
   12     -1.2993029579E-04   2.0390725766E-04  -3.3538305657E-04   3.3856162073E-04  -6.3787618766E-04
   13      1.0402777518E-04  -9.5842020017E-05   2.1451148636E-04  -1.7889814425E-04   1.8805561812E-04
