
$orca_hessian_file

$act_atom
  0

$act_coord
  0

$act_energy
     -270.665239

$multiplicity
  1

$hessian
45
                    0                  1                  2                  3                  4        
    0      4.0324027741E-01  -3.2239004758E-02   2.0083991834E-01  -1.4060019661E-01   1.3914550505E-01
    1     -3.2239004758E-02   8.5721282619E-01   1.0852515493E-02   1.3454936051E-01  -4.4244643274E-01
    2      2.0083991834E-01   1.0852515493E-02   3.0332783193E-01  -6.0189047804E-02   8.9032785821E-02
    3     -1.4060019661E-01   1.3454936051E-01  -6.0189047804E-02   5.1175776114E-01  -1.3600814235E-01
    4      1.3914550505E-01  -4.4244643274E-01   8.9032785821E-02  -1.3600814235E-01   6.9661801574E-01
    5     -5.8383873112E-02   8.1346242886E-02  -9.2354584959E-02   2.7593401342E-01  -6.9346005679E-02
    6     -9.0077442077E-02  -9.4928098009E-02  -4.5446862847E-02   8.8382562690E-03   1.2747861802E-02
    7     -9.0192624249E-02  -2.7108987520E-01  -8.0289785402E-02  -1.4045151987E-02  -1.5044624211E-02
    8     -4.5530641476E-02  -8.3209984963E-02  -7.7167361949E-02   2.5828464578E-03   8.3232874627E-03
    9      7.9923203910E-03  -2.3112674180E-03  -4.1091265714E-04  -1.0833620056E-01  -4.9678210841E-02
   10     -1.0362085045E-02  -4.2221825371E-02  -1.4815563311E-02  -3.9985934809E-02  -1.4636651584E-01
   11     -5.3970538218E-04  -4.8065570882E-03   6.3036880523E-03  -3.2041437514E-02  -4.3813167673E-02
   12     -2.5072623157E-03  -3.1547201873E-03  -5.2203000633E-03  -2.2746400573E-01   3.9994319225E-02
   13      2.3332715604E-02   2.2812484161E-03   1.8032696578E-02   3.5327517056E-02  -6.5299987776E-02
   14     -4.3087069502E-03  -2.5470696164E-03   6.9191743632E-04  -1.4301818323E-01   2.7425151918E-02
   15     -1.1314724961E-02  -2.2647014288E-02  -4.0530128984E-03  -2.6538608671E-02  -2.2156420309E-04
   16     -1.6247999959E-02  -1.6690104963E-02  -1.2338838918E-02  -1.0419041367E-02   8.1660045568E-03
   17     -1.1720088831E-02  -2.0549998603E-02  -4.2048241012E-03  -2.4002478521E-02   1.6517470520E-04
   18     -2.1707945210E-03  -2.2212330651E-03  -2.2404688541E-03  -2.9312388092E-03  -1.2070076897E-02
   19     -2.0608220895E-03  -1.9664359228E-03  -1.1174090351E-03  -3.5765118014E-03  -1.7274389287E-02
   20     -1.5490512814E-03  -2.0947534471E-03  -1.1609838435E-03  -3.6992712605E-03  -1.4214028354E-02
   21     -1.0584228881E-03  -1.3259715757E-03  -9.8273196969E-04   1.2532613647E-02  -7.0725943439E-03
   22     -1.9804544201E-03  -1.0382477295E-03  -1.8314440188E-03   1.1723355571E-02  -1.2829417492E-02
   23     -2.3258766624E-03   2.7720766377E-04  -7.8640833258E-04   6.6457112681E-03  -7.6103028186E-03
   24     -1.5113204168E-01  -3.7547316217E-05  -6.3832222517E-02  -1.7190027920E-02   1.2787160688E-02
   25     -9.4071523060E-03  -8.1658768170E-02  -8.9762299705E-03   2.1627407761E-02  -2.1579960949E-03
   26     -6.3652878593E-02  -8.9663255071E-04  -1.2181135996E-01  -1.8455953256E-02   9.3647078024E-03
   27      3.1546683536E-04  -2.2683396549E-04  -2.6812265364E-04  -4.1605512037E-05   1.1477780726E-03
   28      8.4940194337E-04  -1.0607402825E-03   8.8737749054E-04   2.3384811525E-04  -6.9314317758E-04
   29      2.0633099420E-04  -1.1054065155E-04   8.6146291950E-05  -1.4568218183E-05   8.6241380201E-04
   30     -1.0593189504E-03  -1.3058015166E-03  -9.5932273871E-04  -3.9866552174E-03   1.8994052872E-03
   31     -7.0741161605E-04  -5.6530578856E-03  -3.4140041880E-05   2.0143177725E-03  -2.2998984525E-03
   32      2.1089175203E-04   1.1264835587E-03   5.4528819653E-04  -7.9227546611E-04   1.0021967680E-03
   33     -1.7256276975E-02   1.5347005917E-02   7.6755972457E-03  -3.2612248521E-03  -1.0230948564E-03
   34     -3.5904693421E-03   3.1642897774E-03   3.6658015892E-03  -1.0374948563E-03  -2.9677511050E-04
   35     -1.7356654547E-02   1.4794934104E-02   6.8791958271E-03  -2.6972956861E-03  -2.0937370758E-04
   36      6.9791556352E-03   9.5870656185E-03  -2.6254664936E-02  -2.0813963981E-03  -6.9846344253E-04
   37      3.2390668422E-03   1.2768222317E-03  -2.2974701378E-03  -3.9807873381E-04  -1.2239457105E-04
   38      1.6537855495E-03   6.7506884921E-03  -1.8793413579E-02  -1.8078022142E-03  -2.2644514850E-03
   39     -9.2831604690E-04  -1.1217755754E-03   1.6334272749E-03  -1.2538731294E-03   1.0901089435E-03
   40      5.7023590233E-04   4.9405964872E-04  -3.8286485539E-04  -4.8832127697E-05  -4.8905547742E-04
   41      8.9745847480E-04   2.8777173741E-03  -3.8489161467E-03   3.6627911519E-03  -2.8219189774E-03
   42     -4.2242325002E-04   2.0292943171E-03  -2.7535039024E-04   5.5640234894E-04  -2.0055210192E-03
   43     -3.4236024488E-04  -6.0375799827E-04  -3.4452931600E-04   8.9101378941E-06   5.3660993116E-04
   44      1.5431691842E-03  -3.8531546174E-03   2.2937851329E-03  -2.0775210258E-03   4.0643195062E-03
                    5                  6                  7                  8                  9        
    0     -5.8383873112E-02  -9.0077442077E-02  -9.0192624249E-02  -4.5530641476E-02   7.9923203910E-03
    1      8.1346242886E-02  -9.4928098009E-02  -2.7108987520E-01  -8.3209984963E-02  -2.3112674180E-03
    2     -9.2354584959E-02  -4.5446862847E-02  -8.0289785402E-02  -7.7167361949E-02  -4.1091265714E-04
    3      2.7593401342E-01   8.8382562690E-03  -1.4045151987E-02   2.5828464578E-03  -1.0833620056E-01
    4     -6.9346005679E-02   1.2747861802E-02  -1.5044624211E-02   8.3232874627E-03  -4.9678210841E-02
    5      3.5520273389E-01   4.3902545542E-03  -1.1898066449E-02   6.6240562393E-03  -3.3498280010E-02
    6      4.3902545542E-03   8.4100749764E-02   9.9613738553E-02   5.0434125729E-02   2.7379527781E-03
    7     -1.1898066449E-02   9.9613738553E-02   2.8515862653E-01   8.8877060682E-02   1.7679697661E-03
    8      6.6240562393E-03   5.0434125729E-02   8.8877060682E-02   6.7705343932E-02  -6.3747845931E-03
    9     -3.3498280010E-02   2.7379527781E-03   1.7679697661E-03  -6.3747845931E-03   4.5219126176E-01
   10     -3.6526991622E-02   2.7056207567E-03  -2.8984646063E-03   8.8384501068E-04  -4.6078178316E-03
   11     -9.9900959396E-02  -6.8911260235E-03   1.2754378045E-03   7.0959341943E-03  -6.7053074368E-02
   12     -1.4318097404E-01  -1.7860097131E-03   2.7842558886E-04   3.0932748884E-03  -4.6661956593E-03
   13      2.4621498849E-02  -9.7296031238E-04   8.7718859828E-04  -3.4986017361E-04  -1.6227620720E-02
   14     -1.4543990567E-01   3.0250049912E-03   5.7543831507E-04  -3.3451643170E-03  -5.8472771556E-03
   15     -1.6436169565E-02  -2.2329383938E-03   1.5863709025E-03  -2.6508580231E-03  -1.4285636088E-01
   16     -1.9378915799E-03  -7.6992059067E-05  -2.1607131104E-05   4.4390189118E-05   3.7457088614E-02
   17     -1.3697526210E-02  -4.2499595335E-03   8.6749844712E-04  -1.1406860574E-03  -1.9913407706E-02
   18      1.2658651708E-02   1.1341833287E-03  -3.0195655616E-04  -6.8626968196E-04  -6.0623103594E-02
   19      1.3541907271E-02   1.1676183569E-03  -7.4446625832E-04  -1.0348502639E-03  -4.4696334650E-02
   20      1.3053027364E-02   1.0501983324E-03  -5.3435450564E-04  -7.5117643707E-04   3.5852587156E-02
   21     -1.4240866053E-02  -6.7975400928E-04  -2.3786694283E-04   1.3568869758E-03  -1.1929083393E-01
   22     -1.8023318614E-02  -1.2004966616E-03  -5.7641435847E-04   1.8028851273E-03   5.2736183082E-02
   23     -1.0023866904E-02  -4.9105953763E-04  -2.5365444829E-04   8.5908662990E-04   1.0532990633E-01
   24     -2.1549414469E-02  -2.1415536615E-03   2.9008316159E-03  -2.2933457241E-03   1.5677292815E-03
   25      1.8157714475E-02  -1.8210660540E-02   4.5502992590E-03  -1.4608599513E-02   7.9357477115E-03
   26     -8.3518406073E-03  -2.4905965423E-03   2.1734951979E-03  -3.0186509838E-04   2.5408021023E-03
   27     -1.7301271729E-04  -1.6167429939E-04  -9.7008347625E-05  -4.6726747742E-05  -2.0021848177E-02
   28     -3.9379425143E-04  -1.0443193488E-04   5.2255451187E-05  -5.0664435209E-04   1.4728210928E-02
   29      1.2985873308E-04   1.1097317570E-04   9.9418442581E-06  -1.4873611941E-04  -9.6399987024E-03
   30     -2.5463117659E-03  -3.5247089365E-04  -6.5650225482E-05  -2.3150990585E-04  -7.2907981213E-03
   31      9.8346032007E-04  -1.4499092343E-03   2.5139885583E-04  -6.6856358522E-04   5.6007755902E-03
   32      8.6524904110E-05   1.7746111413E-04  -3.0006725805E-05   2.9779531309E-04   2.6606519597E-04
   33     -2.5788117304E-03   5.1605803790E-04  -4.7312596339E-04  -1.7152180492E-04  -1.3243324498E-03
   34     -1.4249425073E-03   4.6638656284E-04  -1.8025330729E-06   4.0266287508E-04  -1.6681380042E-03
   35     -1.6437362953E-03   9.1243877344E-04  -5.3379650350E-04   4.1747452610E-04  -1.7462577576E-03
   36     -2.0744756312E-03  -7.4714730361E-05  -5.2928035980E-04   6.2133908188E-04   3.6705604720E-04
   37      2.3164962314E-04  -6.5914224555E-05  -2.0280234865E-04   3.9588368167E-04  -2.5255750353E-04
   38     -6.3702357408E-04  -5.2639703067E-04  -1.0539312273E-04  -1.8527420449E-04   3.4471796135E-04
   39      1.4024806764E-03   3.9498343559E-05   1.0585364426E-04  -2.5567891848E-05   2.0418582565E-04
   40     -1.7431700306E-04  -9.2591973881E-05   1.2748285692E-04   2.9831491665E-04   1.8486930873E-04
   41     -2.9207018426E-03  -3.9895608042E-05  -5.1581367659E-05   2.0079481916E-04  -3.3532578255E-04
   42      2.4726063384E-04   1.3985925656E-04  -2.8837891374E-04  -8.3041209213E-05  -6.5083271670E-04
   43      8.8206519098E-04   3.7868239323E-04  -4.3719490407E-04  -6.5348240289E-04  -9.2533071978E-04
   44     -1.2605566738E-04   4.1234376763E-05  -7.8578457642E-05  -1.6022147128E-04   4.2775070821E-04
                   10                 11                 12                 13                 14        
    0     -1.0362085045E-02  -5.3970538218E-04  -2.5072623157E-03   2.3332715604E-02  -4.3087069502E-03
    1     -4.2221825371E-02  -4.8065570882E-03  -3.1547201873E-03   2.2812484161E-03  -2.5470696164E-03
    2     -1.4815563311E-02   6.3036880523E-03  -5.2203000633E-03   1.8032696578E-02   6.9191743632E-04
    3     -3.9985934809E-02  -3.2041437514E-02  -2.2746400573E-01   3.5327517056E-02  -1.4301818323E-01
    4     -1.4636651584E-01  -4.3813167673E-02   3.9994319225E-02  -6.5299987776E-02   2.7425151918E-02
    5     -3.6526991622E-02  -9.9900959396E-02  -1.4318097404E-01   2.4621498849E-02  -1.4543990567E-01
    6      2.7056207567E-03  -6.8911260235E-03  -1.7860097131E-03  -9.7296031238E-04   3.0250049912E-03
    7     -2.8984646063E-03   1.2754378045E-03   2.7842558886E-04   8.7718859828E-04   5.7543831507E-04
    8      8.8384501068E-04   7.0959341943E-03   3.0932748884E-03  -3.4986017361E-04  -3.3451643170E-03
    9     -4.6078178316E-03  -6.7053074368E-02  -4.6661956593E-03  -1.6227620720E-02  -5.8472771556E-03
   10      5.7536695160E-01  -2.8170397533E-02   5.3245751541E-03   9.1030081051E-03   5.2122278175E-03
   11     -2.8170397533E-02   5.2264989706E-01  -3.7133519554E-03  -1.0783558912E-02  -2.3542471932E-03
   12      5.3245751541E-03  -3.7133519554E-03   2.3398486685E-01  -4.2262556971E-02   1.5747062294E-01
   13      9.1030081051E-03  -1.0783558912E-02  -4.2262556971E-02   5.9874820647E-02  -3.0134055657E-02
   14      5.2122278175E-03  -2.3542471932E-03   1.5747062294E-01  -3.0134055657E-02   1.4301630865E-01
   15      3.8055683968E-02  -2.2027153991E-02   2.1045545316E-04  -1.9698160470E-03  -9.3628783336E-04
   16     -9.2387589455E-02   1.8450041198E-02  -1.0311741474E-03  -3.8889688307E-03  -8.9912350727E-04
   17      1.2931839806E-02  -8.5192163159E-02  -2.1055961287E-03  -2.8094442171E-03   2.8053126041E-04
   18     -4.6781377616E-02   3.6676225800E-02   2.1674760258E-04   5.2751797069E-04  -1.3308950097E-04
   19     -1.9487670459E-01   1.2357667687E-01  -8.9206965845E-06   5.6577255955E-04  -4.6237324812E-04
   20      1.2506475070E-01  -1.4934240672E-01   3.3664726910E-04   1.1031906987E-03   1.8735781347E-04
   21      4.9165924612E-02   1.0142234680E-01  -4.4587522396E-04   6.2788787931E-04   4.9091074416E-04
   22     -8.0403831524E-02  -6.9344399292E-02  -3.4266326242E-04   5.6301121832E-05   1.6783361099E-05
   23     -6.8294117793E-02  -1.9289894361E-01  -3.9721610198E-04  -3.5110613979E-04  -8.1723271913E-05
   24      2.0656521646E-02  -1.5854570388E-03   4.0046109555E-03   1.5694101922E-03  -5.8601086068E-03
   25     -2.6141740052E-02   7.9969332150E-03   5.3475923139E-04  -4.7938576501E-03   3.2705427912E-04
   26      5.8803381076E-03  -7.2327067823E-03  -5.5490056053E-03  -1.5954851156E-04   7.7438856464E-03
   27     -1.2649491307E-03   1.7847167037E-02  -1.0449071079E-04  -2.3305902455E-04  -2.7663207931E-04
   28     -2.6098812240E-04  -1.0357278398E-02  -9.2330042559E-05   1.6099568522E-04   1.8104085543E-04
   29     -9.2695760718E-04   6.8505096700E-03   1.7384786954E-04  -7.4829842698E-05  -2.8549862959E-04
   30     -9.9668950218E-03  -2.1426737270E-02  -7.2633306285E-04  -1.1596788779E-03  -3.3480438577E-04
   31      6.0334797112E-03   1.4866187632E-02   3.5157786123E-04   7.9175898066E-04   1.4005510063E-04
   32     -3.3662397718E-03  -6.1688801208E-03  -2.2893922911E-04  -3.1360419219E-04   1.4469914021E-04
   33     -2.1778362978E-03  -1.8569496272E-05   8.2742752238E-04   9.2921300358E-04  -1.4488656791E-03
   34     -4.2227078857E-03  -6.4260216543E-04   3.7491047540E-04   2.4453298071E-04  -1.5549479801E-04
   35      1.1724456563E-03   4.2840435809E-04   6.0562008097E-04   8.9425257237E-04  -1.3879583589E-03
   36     -6.7998012196E-04  -9.4180855677E-04  -1.5522183497E-03   3.9948820437E-04   1.8027357372E-03
   37     -6.7755358159E-04   1.1539888743E-03   1.2897605561E-04   4.4769776467E-05   1.0965996631E-04
   38      8.0774518138E-04  -7.3444353204E-04  -1.0710074530E-03   2.5497460258E-04   1.1151629548E-03
   39      1.6348890027E-04  -5.1352741163E-05   7.3620074847E-05  -8.7247334588E-05   2.5532809323E-04
   40     -1.5813346572E-04  -2.2353554115E-04   1.2424092182E-05   3.1422190998E-05  -1.9851473455E-04
   41     -9.3482253611E-04  -1.3449608323E-04  -1.3165444932E-04   8.0207862395E-05   4.2615767761E-04
   42     -2.8850647557E-04   4.0152397833E-04  -6.5337689703E-05   2.0609078105E-04  -8.9035222938E-04
   43      1.1261507797E-04   7.9143724146E-04  -1.1450377939E-04  -4.9004805447E-05   4.2354641859E-04
   44      1.1126916625E-03   6.3081325995E-04  -7.2262875417E-05  -2.5139988100E-05  -7.1152314002E-04
                   15                 16                 17                 18                 19        
    0     -1.1314724961E-02  -1.6247999959E-02  -1.1720088831E-02  -2.1707945210E-03  -2.0608220895E-03
    1     -2.2647014288E-02  -1.6690104963E-02  -2.0549998603E-02  -2.2212330651E-03  -1.9664359228E-03
    2     -4.0530128984E-03  -1.2338838918E-02  -4.2048241012E-03  -2.2404688541E-03  -1.1174090351E-03
    3     -2.6538608671E-02  -1.0419041367E-02  -2.4002478521E-02  -2.9312388092E-03  -3.5765118014E-03
    4     -2.2156420309E-04   8.1660045568E-03   1.6517470520E-04  -1.2070076897E-02  -1.7274389287E-02
    5     -1.6436169565E-02  -1.9378915799E-03  -1.3697526210E-02   1.2658651708E-02   1.3541907271E-02
    6     -2.2329383938E-03  -7.6992059067E-05  -4.2499595335E-03   1.1341833287E-03   1.1676183569E-03
    7      1.5863709025E-03  -2.1607131104E-05   8.6749844712E-04  -3.0195655616E-04  -7.4446625832E-04
    8     -2.6508580231E-03   4.4390189118E-05  -1.1406860574E-03  -6.8626968196E-04  -1.0348502639E-03
    9     -1.4285636088E-01   3.7457088614E-02  -1.9913407706E-02  -6.0623103594E-02  -4.4696334650E-02
   10      3.8055683968E-02  -9.2387589455E-02   1.2931839806E-02  -4.6781377616E-02  -1.9487670459E-01
   11     -2.2027153991E-02   1.8450041198E-02  -8.5192163159E-02   3.6676225800E-02   1.2357667687E-01
   12      2.1045545316E-04  -1.0311741474E-03  -2.1055961287E-03   2.1674760258E-04  -8.9206965845E-06
   13     -1.9698160470E-03  -3.8889688307E-03  -2.8094442171E-03   5.2751797069E-04   5.6577255955E-04
   14     -9.3628783336E-04  -8.9912350727E-04   2.8053126041E-04  -1.3308950097E-04  -4.6237324812E-04
   15      5.3249029444E-01   5.1439025921E-02  -1.1083817571E-02   5.6017206671E-03  -3.4240726705E-03
   16      5.1439025921E-02   4.3041464931E-01   4.8189988854E-02   2.2169624796E-02  -8.1946752364E-03
   17     -1.1083817571E-02   4.8189988854E-02   6.0458101377E-01  -1.5208031316E-02   5.5262092212E-03
   18      5.6017206671E-03   2.2169624796E-02  -1.5208031316E-02   6.5592179337E-02   4.8233612131E-02
   19     -3.4240726705E-03  -8.1946752364E-03   5.5262092212E-03   4.8233612131E-02   2.1493496894E-01
   20      3.1182127342E-03   5.8222050140E-03  -5.4074236797E-03  -3.9937222923E-02  -1.3361849447E-01
   21     -1.5469843137E-02   6.6825323939E-03   1.9849870001E-02  -4.3045197721E-03   2.9733728764E-03
   22      5.4289056889E-03  -3.4448755662E-03  -1.0078572009E-02  -1.3111028327E-02   9.5183241994E-03
   23     -7.6603344988E-03   4.4857375991E-03   9.6905900751E-03   1.1477138071E-02  -7.3727902811E-03
   24     -8.1488386233E-02  -2.4237002168E-02   5.0694812796E-03  -4.2025237660E-03   6.3916225558E-04
   25     -2.4579856284E-02  -1.6362646938E-01   8.2474978691E-03   1.5070662551E-03  -1.2049058555E-03
   26      7.5481908034E-03   2.7639453305E-03  -7.5437352047E-02  -2.0375706433E-03   1.3189202813E-03
   27     -1.8997909656E-01  -2.6475650624E-02   1.2837287082E-01   1.9495528214E-03   5.0597975872E-05
   28     -2.6114733150E-02  -4.8329158512E-02   1.9425127185E-02  -2.5966092073E-04   7.5232155874E-04
   29      1.2975044997E-01   1.9958661459E-02  -1.6950524304E-01   1.7991273438E-05  -4.5224515098E-04
   30     -7.2489949006E-02  -2.8233749460E-02  -7.0484213616E-02  -9.1019908105E-04   4.3836490884E-04
   31     -2.9058087993E-02  -7.9634197179E-02  -8.3020270898E-02   4.2350941209E-04  -5.0919851404E-04
   32     -7.3857107603E-02  -8.4302229622E-02  -2.6154179452E-01  -7.4182783679E-04   4.3880738136E-05
   33      8.6298318545E-03  -8.1962636908E-03  -2.0927801246E-03   2.8416478621E-04  -4.8837466673E-05
   34      2.2359314337E-02  -1.5855546790E-02  -6.0666804815E-03   8.8371858455E-04  -4.4874812736E-04
   35     -9.0996239046E-04   1.5001440353E-03  -8.6244291369E-04   5.7156367396E-05   5.9653035228E-05
   36     -4.6043405492E-03  -2.9073167488E-03   7.6075682622E-03   2.2404163011E-04   2.4289895708E-04
   37     -1.0778806547E-02  -6.6723483301E-03   2.7294611199E-02   9.0082004642E-04  -4.8976423610E-04
   38     -7.7909794079E-04  -1.7748679678E-03   2.1193567081E-03   2.3652295033E-04   1.4814628012E-04
   39      1.1319144363E-04   1.7619948446E-04   3.0130806623E-05  -2.9846886042E-05  -8.1393979707E-05
   40      7.2063141870E-05  -1.0421730323E-04  -3.7471023485E-05  -6.6489669951E-05   1.7389929338E-04
   41     -3.8243536571E-05  -2.2790912697E-05  -5.3725350561E-05  -5.1256357141E-06   1.8744117225E-04
   42     -7.1245467115E-05  -1.7048951167E-04  -9.3130936558E-05   1.6963625676E-04   1.5500740709E-04
   43     -7.6204249511E-05   2.6910481225E-04  -5.3660162977E-05   1.6221234118E-04  -2.3599851869E-04
   44      3.8775458475E-05   2.8778936436E-05   3.7168926775E-04  -1.1365920056E-04  -3.1301017442E-04
                   20                 21                 22                 23                 24        
    0     -1.5490512814E-03  -1.0584228881E-03  -1.9804544201E-03  -2.3258766624E-03  -1.5113204168E-01
    1     -2.0947534471E-03  -1.3259715757E-03  -1.0382477295E-03   2.7720766377E-04  -3.7547316217E-05
    2     -1.1609838435E-03  -9.8273196969E-04  -1.8314440188E-03  -7.8640833258E-04  -6.3832222517E-02
    3     -3.6992712605E-03   1.2532613647E-02   1.1723355571E-02   6.6457112681E-03  -1.7190027920E-02
    4     -1.4214028354E-02  -7.0725943439E-03  -1.2829417492E-02  -7.6103028186E-03   1.2787160688E-02
    5      1.3053027364E-02  -1.4240866053E-02  -1.8023318614E-02  -1.0023866904E-02  -2.1549414469E-02
    6      1.0501983324E-03  -6.7975400928E-04  -1.2004966616E-03  -4.9105953763E-04  -2.1415536615E-03
    7     -5.3435450564E-04  -2.3786694283E-04  -5.7641435847E-04  -2.5365444829E-04   2.9008316159E-03
    8     -7.5117643707E-04   1.3568869758E-03   1.8028851273E-03   8.5908662990E-04  -2.2933457241E-03
    9      3.5852587156E-02  -1.1929083393E-01   5.2736183082E-02   1.0532990633E-01   1.5677292815E-03
   10      1.2506475070E-01   4.9165924612E-02  -8.0403831524E-02  -6.8294117793E-02   2.0656521646E-02
   11     -1.4934240672E-01   1.0142234680E-01  -6.9344399292E-02  -1.9289894361E-01  -1.5854570388E-03
   12      3.3664726910E-04  -4.4587522396E-04  -3.4266326242E-04  -3.9721610198E-04   4.0046109555E-03
   13      1.1031906987E-03   6.2788787931E-04   5.6301121832E-05  -3.5110613979E-04   1.5694101922E-03
   14      1.8735781347E-04   4.9091074416E-04   1.6783361099E-05  -8.1723271913E-05  -5.8601086068E-03
   15      3.1182127342E-03  -1.5469843137E-02   5.4289056889E-03  -7.6603344988E-03  -8.1488386233E-02
   16      5.8222050140E-03   6.6825323939E-03  -3.4448755662E-03   4.4857375991E-03  -2.4237002168E-02
   17     -5.4074236797E-03   1.9849870001E-02  -1.0078572009E-02   9.6905900751E-03   5.0694812796E-03
   18     -3.9937222923E-02  -4.3045197721E-03  -1.3111028327E-02   1.1477138071E-02  -4.2025237660E-03
   19     -1.3361849447E-01   2.9733728764E-03   9.5183241994E-03  -7.3727902811E-03   6.3916225558E-04
   20      1.5860639670E-01   6.5193156162E-03   1.9564945194E-02  -1.6616344604E-02  -1.7560194625E-03
   21      6.5193156162E-03   1.3100338490E-01  -5.4779362830E-02  -1.1204283025E-01  -7.5844231091E-04
   22      1.9564945194E-02  -5.4779362830E-02   9.0096329328E-02   7.8440716555E-02   9.0553340097E-04
   23     -1.6616344604E-02  -1.1204283025E-01   7.8440716555E-02   2.0828728417E-01   4.8697377200E-04
   24     -1.7560194625E-03  -7.5844231091E-04   9.0553340097E-04   4.8697377200E-04   5.2578725394E-01
   25     -1.0741358256E-03   8.5002318122E-04  -5.3989390897E-04  -2.5480345304E-04  -7.9417201504E-02
   26      2.9503583258E-04  -2.8504049325E-04  -1.3633708673E-03   1.8156697270E-04  -3.9670210573E-02
   27      1.9172879960E-04  -3.7031853669E-03   1.3326763920E-03  -2.3470039373E-03  -4.0597614608E-03
   28     -6.4875485082E-04   3.4779699360E-03  -5.0714497374E-04   1.4023032185E-03  -2.3701433458E-02
   29      1.6058785835E-03  -2.0686609573E-03   4.7252657572E-04   6.6015071520E-04   3.1479415990E-04
   30     -5.8925145423E-04   1.5137378281E-03  -5.7020412732E-04   5.3487948307E-04  -2.2627387142E-03
   31      5.6433894895E-04  -8.7016931372E-04   1.0217311929E-03  -3.3010220742E-04  -9.4055418063E-03
   32     -2.9624641052E-04   7.1021400288E-05   4.7729717695E-05   1.4280540212E-03   2.7986380577E-03
   33      1.6331597774E-04   4.1104055615E-04   6.5035326186E-05   3.4366566320E-04  -2.0087811222E-01
   34      3.8730425969E-04   5.9508681956E-04  -4.3090731907E-04   4.0296272919E-04   1.1619717568E-01
   35      4.8541881896E-06  -1.1974882980E-04   5.0943310700E-04  -1.2450456816E-04   5.7804101919E-02
   36      2.3599512332E-04   6.3248036010E-05  -1.1087088321E-04   2.8155849849E-04  -6.6149656746E-02
   37     -1.2591982028E-04   2.2139327583E-04   6.9787303447E-05  -2.8134189216E-04  -1.9235016984E-02
   38      9.0557912102E-05   4.1735326377E-05   1.7039787317E-04  -3.7478498640E-04   7.0067379360E-02
   39      4.2710974308E-05  -2.1192907498E-04  -4.1907930070E-05  -2.3702787062E-04   1.0608538327E-04
   40      1.8015488760E-04   1.9447044183E-04   4.8513650298E-04   4.5397801364E-04  -1.7519685183E-04
   41      1.8247462982E-04  -1.3935122340E-04   3.4049665283E-04   2.7467495124E-04  -4.3384474277E-04
   42     -3.1617908083E-07   3.9878074314E-04  -5.0933799843E-05   4.0249013444E-04  -1.2024348442E-03
   43     -4.0811068146E-04  -5.0646362878E-04  -1.4768767766E-03  -7.2608791092E-04   5.7646087732E-04
   44     -4.5100133376E-04   1.2616855093E-04  -7.1340819687E-04  -4.7483126284E-04   4.4993255594E-04
                   25                 26                 27                 28                 29        
    0     -9.4071523060E-03  -6.3652878593E-02   3.1546683536E-04   8.4940194337E-04   2.0633099420E-04
    1     -8.1658768170E-02  -8.9663255071E-04  -2.2683396549E-04  -1.0607402825E-03  -1.1054065155E-04
    2     -8.9762299705E-03  -1.2181135996E-01  -2.6812265364E-04   8.8737749054E-04   8.6146291950E-05
    3      2.1627407761E-02  -1.8455953256E-02  -4.1605512037E-05   2.3384811525E-04  -1.4568218183E-05
    4     -2.1579960949E-03   9.3647078024E-03   1.1477780726E-03  -6.9314317758E-04   8.6241380201E-04
    5      1.8157714475E-02  -8.3518406073E-03  -1.7301271729E-04  -3.9379425143E-04   1.2985873308E-04
    6     -1.8210660540E-02  -2.4905965423E-03  -1.6167429939E-04  -1.0443193488E-04   1.1097317570E-04
    7      4.5502992590E-03   2.1734951979E-03  -9.7008347625E-05   5.2255451187E-05   9.9418442581E-06
    8     -1.4608599513E-02  -3.0186509838E-04  -4.6726747742E-05  -5.0664435209E-04  -1.4873611941E-04
    9      7.9357477115E-03   2.5408021023E-03  -2.0021848177E-02   1.4728210928E-02  -9.6399987024E-03
   10     -2.6141740052E-02   5.8803381076E-03  -1.2649491307E-03  -2.6098812240E-04  -9.2695760718E-04
   11      7.9969332150E-03  -7.2327067823E-03   1.7847167037E-02  -1.0357278398E-02   6.8505096700E-03
   12      5.3475923139E-04  -5.5490056053E-03  -1.0449071079E-04  -9.2330042559E-05   1.7384786954E-04
   13     -4.7938576501E-03  -1.5954851156E-04  -2.3305902455E-04   1.6099568522E-04  -7.4829842698E-05
   14      3.2705427912E-04   7.7438856464E-03  -2.7663207931E-04   1.8104085543E-04  -2.8549862959E-04
   15     -2.4579856284E-02   7.5481908034E-03  -1.8997909656E-01  -2.6114733150E-02   1.2975044997E-01
   16     -1.6362646938E-01   2.7639453305E-03  -2.6475650624E-02  -4.8329158512E-02   1.9958661459E-02
   17      8.2474978691E-03  -7.5437352047E-02   1.2837287082E-01   1.9425127185E-02  -1.6950524304E-01
   18      1.5070662551E-03  -2.0375706433E-03   1.9495528214E-03  -2.5966092073E-04   1.7991273438E-05
   19     -1.2049058555E-03   1.3189202813E-03   5.0597975872E-05   7.5232155874E-04  -4.5224515098E-04
   20     -1.0741358256E-03   2.9503583258E-04   1.9172879960E-04  -6.4875485082E-04   1.6058785835E-03
   21      8.5002318122E-04  -2.8504049325E-04  -3.7031853669E-03   3.4779699360E-03  -2.0686609573E-03
   22     -5.3989390897E-04  -1.3633708673E-03   1.3326763920E-03  -5.0714497374E-04   4.7252657572E-04
   23     -2.5480345304E-04   1.8156697270E-04  -2.3470039373E-03   1.4023032185E-03   6.6015071520E-04
   24     -7.9417201504E-02  -3.9670210573E-02  -4.0597614608E-03  -2.3701433458E-02   3.1479415990E-04
   25      4.9567974230E-01  -3.1667732263E-02   4.9669001287E-04  -7.9306633461E-03   5.3801152182E-04
   26     -3.1667732263E-02   5.3211840002E-01   4.8414664635E-03   2.2846596387E-02  -1.4415171637E-03
   27      4.9669001287E-04   4.8414664635E-03   2.0564320823E-01   2.4151377440E-02  -1.4021357458E-01
   28     -7.9306633461E-03   2.2846596387E-02   2.4151377440E-02   5.9844804552E-02  -2.5418686275E-02
   29      5.3801152182E-04  -1.4415171637E-03  -1.4021357458E-01  -2.5418686275E-02   1.7868066559E-01
   30     -1.4463836496E-03  -5.3899277771E-03   8.4034427287E-03   9.0422534303E-03   2.1977290420E-02
   31     -8.7258680358E-03  -2.6682538422E-02   1.6920094369E-03   1.5040519179E-03   4.1394219680E-03
   32      3.4447318527E-03   3.6174292380E-03  -6.9621766862E-03  -7.5429835009E-03  -1.8841298556E-02
   33      1.1814968526E-01   5.6499711466E-02   1.4340361473E-03   4.4418502918E-04  -5.7328057988E-04
   34     -1.3690550662E-01  -4.4532569243E-02   2.1606942896E-04   1.8633126486E-03   2.6527110477E-04
   35     -4.5780651483E-02  -6.7354819305E-02  -4.2525772337E-04   5.2042643588E-04   1.0233063268E-03
   36     -1.8307344224E-02   6.6167569894E-02   4.3291114512E-04  -2.7178141609E-03  -1.0955375155E-04
   37     -6.6459251259E-02   6.0838577786E-02  -8.2588733061E-04  -5.3693065757E-03   8.1449574658E-04
   38      6.3819785614E-02  -2.6257825521E-01  -5.5146301190E-04  -4.9697335967E-04   1.3459050647E-03
   39      5.2826836340E-04  -4.6641440200E-04  -2.8934017674E-06  -1.1601231982E-04   9.3634252436E-05
   40     -1.5156924764E-05   9.0614318140E-05  -8.6157058371E-05   1.8435603289E-04  -8.9679391628E-06
   41      7.8185958345E-05  -2.4024163757E-04  -4.3245436875E-05  -5.1015756271E-05   2.2089073648E-06
   42     -2.8436553661E-04   3.8917918648E-04  -1.0406242059E-04   1.5805221274E-04  -3.9737512601E-05
   43     -6.9964263754E-05   4.4985718619E-05   1.4346367376E-04  -2.1095285667E-04  -2.7477649961E-05
   44     -2.6755134867E-04   7.9364010502E-04   6.8044641039E-05   1.1222026703E-04  -1.6233637531E-04
                   30                 31                 32                 33                 34        
    0     -1.0593189504E-03  -7.0741161605E-04   2.1089175203E-04  -1.7256276975E-02  -3.5904693421E-03
    1     -1.3058015166E-03  -5.6530578856E-03   1.1264835587E-03   1.5347005917E-02   3.1642897774E-03
    2     -9.5932273871E-04  -3.4140041880E-05   5.4528819653E-04   7.6755972457E-03   3.6658015892E-03
    3     -3.9866552174E-03   2.0143177725E-03  -7.9227546611E-04  -3.2612248521E-03  -1.0374948563E-03
    4      1.8994052872E-03  -2.2998984525E-03   1.0021967680E-03  -1.0230948564E-03  -2.9677511050E-04
    5     -2.5463117659E-03   9.8346032007E-04   8.6524904110E-05  -2.5788117304E-03  -1.4249425073E-03
    6     -3.5247089365E-04  -1.4499092343E-03   1.7746111413E-04   5.1605803790E-04   4.6638656284E-04
    7     -6.5650225482E-05   2.5139885583E-04  -3.0006725805E-05  -4.7312596339E-04  -1.8025330729E-06
    8     -2.3150990585E-04  -6.6856358522E-04   2.9779531309E-04  -1.7152180492E-04   4.0266287508E-04
    9     -7.2907981213E-03   5.6007755902E-03   2.6606519597E-04  -1.3243324498E-03  -1.6681380042E-03
   10     -9.9668950218E-03   6.0334797112E-03  -3.3662397718E-03  -2.1778362978E-03  -4.2227078857E-03
   11     -2.1426737270E-02   1.4866187632E-02  -6.1688801208E-03  -1.8569496272E-05  -6.4260216543E-04
   12     -7.2633306285E-04   3.5157786123E-04  -2.2893922911E-04   8.2742752238E-04   3.7491047540E-04
   13     -1.1596788779E-03   7.9175898066E-04  -3.1360419219E-04   9.2921300358E-04   2.4453298071E-04
   14     -3.3480438577E-04   1.4005510063E-04   1.4469914021E-04  -1.4488656791E-03  -1.5549479801E-04
   15     -7.2489949006E-02  -2.9058087993E-02  -7.3857107603E-02   8.6298318545E-03   2.2359314337E-02
   16     -2.8233749460E-02  -7.9634197179E-02  -8.4302229622E-02  -8.1962636908E-03  -1.5855546790E-02
   17     -7.0484213616E-02  -8.3020270898E-02  -2.6154179452E-01  -2.0927801246E-03  -6.0666804815E-03
   18     -9.1019908105E-04   4.2350941209E-04  -7.4182783679E-04   2.8416478621E-04   8.8371858455E-04
   19      4.3836490884E-04  -5.0919851404E-04   4.3880738136E-05  -4.8837466673E-05  -4.4874812736E-04
   20     -5.8925145423E-04   5.6433894895E-04  -2.9624641052E-04   1.6331597774E-04   3.8730425969E-04
   21      1.5137378281E-03  -8.7016931372E-04   7.1021400288E-05   4.1104055615E-04   5.9508681956E-04
   22     -5.7020412732E-04   1.0217311929E-03   4.7729717695E-05   6.5035326186E-05  -4.3090731907E-04
   23      5.3487948307E-04  -3.3010220742E-04   1.4280540212E-03   3.4366566320E-04   4.0296272919E-04
   24     -2.2627387142E-03  -9.4055418063E-03   2.7986380577E-03  -2.0087811222E-01   1.1619717568E-01
   25     -1.4463836496E-03  -8.7258680358E-03   3.4447318527E-03   1.1814968526E-01  -1.3690550662E-01
   26     -5.3899277771E-03  -2.6682538422E-02   3.6174292380E-03   5.6499711466E-02  -4.4532569243E-02
   27      8.4034427287E-03   1.6920094369E-03  -6.9621766862E-03   1.4340361473E-03   2.1606942896E-04
   28      9.0422534303E-03   1.5040519179E-03  -7.5429835009E-03   4.4418502918E-04   1.8633126486E-03
   29      2.1977290420E-02   4.1394219680E-03  -1.8841298556E-02  -5.7328057988E-04   2.6527110477E-04
   30      7.8753024936E-02   3.1316567762E-02   7.9666026829E-02  -1.9202350543E-04  -1.7372789686E-04
   31      3.1316567762E-02   8.6705464286E-02   9.0188132340E-02  -2.7498664393E-04  -1.5190608691E-03
   32      7.9666026829E-02   9.0188132340E-02   2.7975811613E-01  -4.0126211626E-04  -2.9351623459E-05
   33     -1.9202350543E-04  -2.7498664393E-04  -4.0126211626E-04   2.1780668502E-01  -1.2807837413E-01
   34     -1.7372789686E-04  -1.5190608691E-03  -2.9351623459E-05  -1.2807837413E-01   1.4946830189E-01
   35      2.7457714558E-05  -3.3621964196E-04   1.6542713016E-05  -6.0508456915E-02   4.5498051978E-02
   36      5.5623654321E-04   3.3347494106E-04  -2.0556062668E-04  -7.1228050507E-03  -6.5273938285E-03
   37      1.6298747716E-04   2.1355727329E-03  -2.6746226643E-04   5.3524080766E-03   5.0064598984E-03
   38     -4.1529035369E-05   3.0589676865E-04   1.2479961695E-03   3.1747577111E-03   2.2322312803E-03
   39      1.1173697600E-04   2.4353707503E-05  -5.0144806899E-05  -1.6022158882E-04  -1.1818374789E-04
   40      8.5689308401E-05   6.2029308895E-05   2.0799427039E-05   7.3847530946E-06   7.6457499401E-05
   41      1.6072906222E-04   8.3051203969E-05   6.2289485307E-05   1.4844975956E-04   1.4470969085E-05
   42     -6.7692459517E-05   3.0903516286E-05   1.5851162627E-05   2.8575272230E-04   6.5758185085E-05
   43     -4.4560791783E-05  -1.6420605046E-04  -1.3268155534E-05   1.2963421367E-05  -1.4229943546E-04
   44     -3.2943670011E-04  -2.0751802907E-04  -3.5651570323E-04  -2.6322324400E-04  -1.4660761099E-05
                   35                 36                 37                 38                 39        
    0     -1.7356654547E-02   6.9791556352E-03   3.2390668422E-03   1.6537855495E-03  -9.2831604690E-04
    1      1.4794934104E-02   9.5870656185E-03   1.2768222317E-03   6.7506884921E-03  -1.1217755754E-03
    2      6.8791958271E-03  -2.6254664936E-02  -2.2974701378E-03  -1.8793413579E-02   1.6334272749E-03
    3     -2.6972956861E-03  -2.0813963981E-03  -3.9807873381E-04  -1.8078022142E-03  -1.2538731294E-03
    4     -2.0937370758E-04  -6.9846344253E-04  -1.2239457105E-04  -2.2644514850E-03   1.0901089435E-03
    5     -1.6437362953E-03  -2.0744756312E-03   2.3164962314E-04  -6.3702357408E-04   1.4024806764E-03
    6      9.1243877344E-04  -7.4714730361E-05  -6.5914224555E-05  -5.2639703067E-04   3.9498343559E-05
    7     -5.3379650350E-04  -5.2928035980E-04  -2.0280234865E-04  -1.0539312273E-04   1.0585364426E-04
    8      4.1747452610E-04   6.2133908188E-04   3.9588368167E-04  -1.8527420449E-04  -2.5567891848E-05
    9     -1.7462577576E-03   3.6705604720E-04  -2.5255750353E-04   3.4471796135E-04   2.0418582565E-04
   10      1.1724456563E-03  -6.7998012196E-04  -6.7755358159E-04   8.0774518138E-04   1.6348890027E-04
   11      4.2840435809E-04  -9.4180855677E-04   1.1539888743E-03  -7.3444353204E-04  -5.1352741163E-05
   12      6.0562008097E-04  -1.5522183497E-03   1.2897605561E-04  -1.0710074530E-03   7.3620074847E-05
   13      8.9425257237E-04   3.9948820437E-04   4.4769776467E-05   2.5497460258E-04  -8.7247334588E-05
   14     -1.3879583589E-03   1.8027357372E-03   1.0965996631E-04   1.1151629548E-03   2.5532809323E-04
   15     -9.0996239046E-04  -4.6043405492E-03  -1.0778806547E-02  -7.7909794079E-04   1.1319144363E-04
   16      1.5001440353E-03  -2.9073167488E-03  -6.6723483301E-03  -1.7748679678E-03   1.7619948446E-04
   17     -8.6244291369E-04   7.6075682622E-03   2.7294611199E-02   2.1193567081E-03   3.0130806623E-05
   18      5.7156367396E-05   2.2404163011E-04   9.0082004642E-04   2.3652295033E-04  -2.9846886042E-05
   19      5.9653035228E-05   2.4289895708E-04  -4.8976423610E-04   1.4814628012E-04  -8.1393979707E-05
   20      4.8541881896E-06   2.3599512332E-04  -1.2591982028E-04   9.0557912102E-05   4.2710974308E-05
   21     -1.1974882980E-04   6.3248036010E-05   2.2139327583E-04   4.1735326377E-05  -2.1192907498E-04
   22      5.0943310700E-04  -1.1087088321E-04   6.9787303447E-05   1.7039787317E-04  -4.1907930070E-05
   23     -1.2450456816E-04   2.8155849849E-04  -2.8134189216E-04  -3.7478498640E-04  -2.3702787062E-04
   24      5.7804101919E-02  -6.6149656746E-02  -1.9235016984E-02   7.0067379360E-02   1.0608538327E-04
   25     -4.5780651483E-02  -1.8307344224E-02  -6.6459251259E-02   6.3819785614E-02   5.2826836340E-04
   26     -6.7354819305E-02   6.6167569894E-02   6.0838577786E-02  -2.6257825521E-01  -4.6641440200E-04
   27     -4.2525772337E-04   4.3291114512E-04  -8.2588733061E-04  -5.5146301190E-04  -2.8934017674E-06
   28      5.2042643588E-04  -2.7178141609E-03  -5.3693065757E-03  -4.9697335967E-04  -1.1601231982E-04
   29      1.0233063268E-03  -1.0955375155E-04   8.1449574658E-04   1.3459050647E-03   9.3634252436E-05
   30      2.7457714558E-05   5.5623654321E-04   1.6298747716E-04  -4.1529035369E-05   1.1173697600E-04
   31     -3.3621964196E-04   3.3347494106E-04   2.1355727329E-03   3.0589676865E-04   2.4353707503E-05
   32      1.6542713016E-05  -2.0556062668E-04  -2.6746226643E-04   1.2479961695E-03  -5.0144806899E-05
   33     -6.0508456915E-02  -7.1228050507E-03   5.3524080766E-03   3.1747577111E-03  -1.6022158882E-04
   34      4.5498051978E-02  -6.5273938285E-03   5.0064598984E-03   2.2322312803E-03  -1.1818374789E-04
   35      7.1905796144E-02   2.4331299279E-02  -1.8172159973E-02  -8.9001805881E-03   4.0438358202E-04
   36      2.4331299279E-02   7.3339684537E-02   2.1534605022E-02  -7.0863285633E-02   3.1792297932E-04
   37     -1.8172159973E-02   2.1534605022E-02   7.1545420328E-02  -6.9958838018E-02  -4.1187677383E-04
   38     -8.9001805881E-03  -7.0863285633E-02  -6.9958838018E-02   2.8701033515E-01   6.6205770794E-04
   39      4.0438358202E-04   3.1792297932E-04  -4.1187677383E-04   6.6205770794E-04   7.0312368475E-02
   40     -1.0355853354E-04  -3.8019451149E-04  -1.7805960467E-04  -4.2567443981E-04  -2.0577868203E-02
   41      2.2867177741E-04   3.9390611432E-04  -9.7709040516E-05   3.5252359817E-04  -1.6773023417E-01
   42     -3.2754999983E-04  -6.9512472957E-04   4.4202498581E-04  -5.3386571977E-04  -6.8691529373E-02
   43      1.8396371348E-04   7.4698185352E-04   9.2648235536E-05   5.4518994071E-04   2.0459902457E-02
   44     -6.3060383119E-04  -9.9913138299E-04   3.5317663154E-04  -1.0784618817E-03   1.6404815542E-01
                   40                 41                 42                 43                 44        
    0      5.7023590233E-04   8.9745847480E-04  -4.2242325002E-04  -3.4236024488E-04   1.5431691842E-03
    1      4.9405964872E-04   2.8777173741E-03   2.0292943171E-03  -6.0375799827E-04  -3.8531546174E-03
    2     -3.8286485539E-04  -3.8489161467E-03  -2.7535039024E-04  -3.4452931600E-04   2.2937851329E-03
    3     -4.8832127697E-05   3.6627911519E-03   5.5640234894E-04   8.9101378941E-06  -2.0775210258E-03
    4     -4.8905547742E-04  -2.8219189774E-03  -2.0055210192E-03   5.3660993116E-04   4.0643195062E-03
    5     -1.7431700306E-04  -2.9207018426E-03   2.4726063384E-04   8.8206519098E-04  -1.2605566738E-04
    6     -9.2591973881E-05  -3.9895608042E-05   1.3985925656E-04   3.7868239323E-04   4.1234376763E-05
    7      1.2748285692E-04  -5.1581367659E-05  -2.8837891374E-04  -4.3719490407E-04  -7.8578457642E-05
    8      2.9831491665E-04   2.0079481916E-04  -8.3041209213E-05  -6.5348240289E-04  -1.6022147128E-04
    9      1.8486930873E-04  -3.3532578255E-04  -6.5083271670E-04  -9.2533071978E-04   4.2775070821E-04
   10     -1.5813346572E-04  -9.3482253611E-04  -2.8850647557E-04   1.1261507797E-04   1.1126916625E-03
   11     -2.2353554115E-04  -1.3449608323E-04   4.0152397833E-04   7.9143724146E-04   6.3081325995E-04
   12      1.2424092182E-05  -1.3165444932E-04  -6.5337689703E-05  -1.1450377939E-04  -7.2262875417E-05
   13      3.1422190998E-05   8.0207862395E-05   2.0609078105E-04  -4.9004805447E-05  -2.5139988100E-05
