
$orca_hessian_file

$act_atom
  0

$act_coord
  0

$act_energy
     -270.660371

$multiplicity
  1

$hessian
45
                    0                  1                  2                  3                  4        
    0      4.0931397836E-01   3.2917081341E-02   3.0041294603E-01  -2.3997628014E-01  -5.9179426256E-02
    1      3.2917081341E-02   6.5051032682E-01   1.6008213962E-01  -5.4542357575E-02  -1.2585901378E-01
    2      3.0041294603E-01   1.6008213962E-01   5.0706003150E-01  -2.1848106192E-01  -7.9070764415E-02
    3     -2.3997628014E-01  -5.4542357575E-02  -2.1848106192E-01   4.7172985261E-01  -7.6717182829E-02
    4     -5.9179426256E-02  -1.2585901378E-01  -7.9070764415E-02  -7.6717182829E-02   5.5429943663E-01
    5     -2.2359618024E-01  -7.5105722468E-02  -3.1710721802E-01   3.5417659139E-01   1.4822548013E-02
    6     -5.3002093272E-02  -3.1410986223E-02  -2.3615632920E-02   2.9343851398E-03  -1.8934364993E-02
    7     -3.4114580619E-02  -2.9891646986E-01  -9.8727413029E-02   2.8087231349E-03  -5.6752038910E-04
    8     -2.4217748002E-02  -9.5654388297E-02  -8.5193972510E-02  -7.0877425165E-04  -2.3040492517E-02
    9      3.7816025945E-03  -1.7853358680E-02  -1.0697991796E-02  -7.5987945117E-02   7.9842732375E-03
   10     -7.5597626701E-03  -2.2017473394E-02  -2.0007590274E-02   5.6475635747E-04  -1.9880428125E-01
   11     -6.6914256100E-03  -2.6696675345E-02  -9.6229344555E-03  -5.6950353821E-03  -2.3042622670E-02
   12     -4.7865369087E-03   1.5379075358E-02  -6.5967154534E-03  -1.3831086027E-01   1.0846055146E-01
   13     -7.3254446777E-03   9.4841329770E-03  -6.7469677092E-03   1.1075452736E-01  -1.7984427670E-01
   14     -1.1146818207E-02   1.7425743886E-02  -3.9098444889E-03  -8.9989481686E-02   8.8587888026E-02
   15      6.5809896872E-03   6.6590406155E-03   2.8670767974E-03  -6.9869324020E-03   1.6539386941E-02
   16     -6.8012852025E-03  -3.9952266661E-02  -7.6672242116E-03   1.6730140086E-02  -2.5908283496E-02
   17      5.3838356746E-03  -6.2195339583E-03   1.7382490919E-03  -3.1473834601E-03   9.4130796422E-03
   18      6.5140282569E-06   3.5883375122E-04  -1.3981162594E-03   5.5828940782E-04   3.7303463793E-05
   19      1.2403293183E-03  -3.5240648538E-03   2.3945852823E-04   1.4585655497E-02  -6.4914383324E-03
   20      5.2892163174E-04  -9.9297631804E-04   9.0790070394E-04   1.1017972161E-03  -4.2969052607E-03
   21      5.0145645485E-05   7.2619616678E-04   4.2126717508E-04   5.8233072075E-03   1.4908451837E-03
   22      6.3290152934E-04  -5.4763476724E-03  -6.2901173412E-04  -3.1417283030E-02  -1.1070829602E-02
   23     -6.1104158641E-04  -2.8381875573E-04   3.3663438534E-04  -5.9919781863E-03  -3.6271998220E-03
   24     -1.0436040879E-01   4.6227353368E-02  -2.6347152394E-02  -1.7615180612E-02   1.7120824555E-02
   25      5.6284864421E-02  -1.6181710834E-01   3.6285537882E-02   1.1701404637E-02   9.4234626758E-04
   26     -2.5896173137E-02   2.8085100108E-02  -9.1638935220E-02  -2.4501443687E-02   1.7648533528E-02
   27     -1.3961532180E-03  -2.8479578042E-03  -1.8959959729E-03  -1.1334288072E-03  -4.4411228688E-05
   28     -1.5696173961E-03  -3.5278078448E-03  -1.8293809720E-03   1.0224871929E-03  -1.4862233777E-03
   29     -1.7886594514E-03  -8.2660635289E-04  -1.2184453423E-03  -3.1655878136E-03   1.9135390040E-03
   30     -5.6332620843E-04   2.7210872722E-05  -2.6124745844E-04  -2.3275865558E-04  -6.3379247871E-04
   31     -8.4669650592E-04   1.1593870682E-04  -1.0985991438E-03   6.9207839273E-04   3.0400297419E-04
   32     -1.0370506515E-03   2.2098249498E-04  -3.2900115894E-04  -4.3873024448E-04  -4.2547767207E-04
   33     -1.5234719235E-02   2.9616469627E-03   4.5515105223E-04   5.6821607442E-04   3.1021720274E-03
   34      2.7215574613E-02   4.2441995691E-04  -7.7260129746E-03   4.6874464338E-04  -2.8828144310E-03
   35     -1.0871121821E-02  -6.1315795092E-04   4.2222893744E-03  -1.5574343485E-03   2.7630917365E-04
   36     -2.0429791699E-03   2.6986713365E-04  -1.6897879601E-02  -3.4904070236E-04   1.6337952232E-03
   37      2.1958794276E-04   1.5393536381E-03   2.8688439978E-02   2.4650741131E-03  -4.5996317735E-03
   38     -9.8818384460E-04  -3.4181574785E-04  -6.1286081639E-03  -2.4069140231E-04   1.1175810259E-03
   39     -2.9039633446E-04  -1.8425921553E-04   4.5230440512E-04  -2.3847628646E-04  -4.2944228849E-04
   40      7.3581832081E-04   3.4031343174E-04  -4.6529871349E-05   2.3561755531E-05  -2.8062169726E-04
   41     -7.3707448909E-04   8.8253829159E-04  -6.7690135456E-04   1.9377765967E-04   4.7339850826E-05
   42      1.9196629642E-03   1.2898837640E-03   1.4874834973E-03  -7.8314744379E-04  -4.2828040515E-04
   43     -1.8266139942E-03  -1.3239331212E-03  -1.7953550138E-03   8.5741865080E-04   2.2491489548E-03
   44      1.3513385227E-03   8.7464126487E-05   1.5607556553E-03  -1.4995909204E-03  -3.2950687451E-04
                    5                  6                  7                  8                  9        
    0     -2.2359618024E-01  -5.3002093272E-02  -3.4114580619E-02  -2.4217748002E-02   3.7816025945E-03
    1     -7.5105722468E-02  -3.1410986223E-02  -2.9891646986E-01  -9.5654388297E-02  -1.7853358680E-02
    2     -3.1710721802E-01  -2.3615632920E-02  -9.8727413029E-02  -8.5193972510E-02  -1.0697991796E-02
    3      3.5417659139E-01   2.9343851398E-03   2.8087231349E-03  -7.0877425165E-04  -7.5987945117E-02
    4      1.4822548013E-02  -1.8934364993E-02  -5.6752038910E-04  -2.3040492517E-02   7.9842732375E-03
    5      5.4348358663E-01  -6.0214123910E-03   2.0222734893E-03  -1.8373283282E-03  -3.6550231552E-03
    6     -6.0214123910E-03   4.3390094792E-02   3.6757645639E-02   2.8875975103E-02   4.2788734227E-03
    7      2.0222734893E-03   3.6757645639E-02   3.1022297962E-01   1.0635426481E-01   1.3511120990E-03
    8     -1.8373283282E-03   2.8875975103E-02   1.0635426481E-01   8.0696290346E-02  -8.6675881600E-03
    9     -3.6550231552E-03   4.2788734227E-03   1.3511120990E-03  -8.6675881600E-03   5.5758100967E-01
   10     -3.2802444741E-02   9.4981125065E-04   1.8236397228E-04  -1.3127716987E-03   6.1005527701E-02
   11     -8.2483166897E-02  -7.8550754643E-03  -6.6732947726E-04   2.3737929196E-03  -1.1816723945E-02
   12     -9.0227865222E-02  -2.6360499569E-03  -1.1550488550E-03   3.1361395878E-03   2.4846675506E-03
   13      9.1423603645E-02  -1.1209978163E-04   3.0760086046E-04   1.2887522248E-03   1.3924265721E-02
   14     -1.1950886491E-01   3.3037317956E-03   2.0672498456E-04  -1.9635136977E-03   5.4299877760E-03
   15     -5.2646135900E-03  -1.0996555459E-03   2.2874705562E-03  -2.7637420468E-03  -9.7795208295E-02
   16      2.1996421937E-02   2.3807969131E-03  -2.1065170842E-03   2.3789285843E-03   1.5111782619E-02
   17      1.2664795365E-03  -1.8942958206E-03   1.4301989846E-04  -2.3874496174E-04  -3.4568386812E-02
   18     -3.1166642708E-04  -1.6885422022E-04  -8.8853079299E-05   1.1634041711E-04  -1.1041748501E-01
   19     -3.0927168261E-02  -2.4499829193E-03  -4.5390346529E-04   1.3649533248E-03   1.8591986698E-02
   20     -4.4230465940E-03  -5.0328930315E-04  -2.6100233554E-04   2.7312785130E-04   1.0676915606E-01
   21     -2.5457382863E-04  -5.3990659827E-05  -7.4479342192E-05   3.0931664535E-04  -2.6777223619E-01
   22     -4.2258269570E-03   8.5660913575E-04   2.5331789431E-04  -2.3660702052E-03  -9.4554060981E-02
   23     -1.7885398210E-03   1.5644286116E-04  -2.3421935077E-04  -5.2874359121E-04  -2.3088572626E-02
   24     -1.9828584467E-02   6.0016657141E-03  -6.9892723097E-03   2.8687063467E-03  -1.6740988371E-02
   25      8.9840995561E-03   1.1966599482E-02  -9.8663220420E-03   1.0070477659E-02  -9.3908715169E-04
   26     -1.1713057832E-02   6.8490835550E-03  -8.9860892130E-03   5.8957092138E-03  -1.7463018377E-02
   27     -2.1027802290E-03   5.3378867606E-04  -6.9667976857E-04   4.8897500766E-04  -8.0086046760E-03
   28      1.0803813873E-03   4.0734852727E-04  -8.6789697978E-04   6.9107728697E-04   4.9173042371E-03
   29     -3.5442440090E-03   2.0163836051E-04  -3.2794057182E-04   4.9525624322E-04  -1.5518856406E-02
   30     -9.0887295301E-04   1.2402097049E-04  -1.5244762858E-04   6.4832900426E-05   9.9599465770E-03
   31      1.9646558932E-04   3.3975000008E-04  -2.6311118898E-04  -4.9997270373E-05  -8.1222861686E-03
   32     -8.6053838554E-04   3.4937670814E-04   1.3693608900E-05  -1.1551230755E-04   1.5631290371E-02
   33      6.6963150201E-04  -4.5282567719E-04   5.0920375709E-04  -1.6518268450E-04  -1.7584333472E-03
   34      4.0711320225E-05  -6.3450193135E-04  -4.0526741453E-04   1.0468250890E-04   5.1326317307E-05
   35     -4.0883617805E-04   4.8364507327E-04  -1.7311103969E-04   1.3807877361E-04  -2.5816980963E-04
   36     -1.1011912952E-03   2.8866923056E-04  -1.4758518900E-04   6.0136479252E-04  -1.0171354539E-03
   37      1.1819817893E-03  -5.3924091812E-04   4.2053800024E-04  -9.4128214196E-04  -1.6630559364E-03
   38     -2.4627663360E-04  -3.4592031718E-04   4.7561901306E-04   1.7241085895E-04  -3.3395395339E-05
   39      2.5325400959E-04   3.8781150476E-05   8.8653846752E-05   6.0500501736E-05   1.3278693101E-04
   40     -7.2375048898E-04  -1.3961302183E-04   1.7081772088E-04   8.1360063179E-05  -6.5824776294E-05
   41      1.6030873153E-04  -1.3753228960E-05   4.2590675734E-05   2.7729923223E-05  -5.7608862992E-05
   42     -1.8816860701E-03  -1.7680976415E-04  -3.7771631729E-04  -6.1764706293E-05   1.2791497179E-03
   43      2.0425771565E-03   5.5608291603E-04   1.8893903533E-03   9.9601255061E-04   2.3399266722E-04
   44     -9.8925728500E-04   9.2134537924E-05   1.5341165976E-04  -1.9458073333E-04  -1.9778576596E-03
                   10                 11                 12                 13                 14        
    0     -7.5597626701E-03  -6.6914256100E-03  -4.7865369087E-03  -7.3254446777E-03  -1.1146818207E-02
    1     -2.2017473394E-02  -2.6696675345E-02   1.5379075358E-02   9.4841329770E-03   1.7425743886E-02
    2     -2.0007590274E-02  -9.6229344555E-03  -6.5967154534E-03  -6.7469677092E-03  -3.9098444889E-03
    3      5.6475635747E-04  -5.6950353821E-03  -1.3831086027E-01   1.1075452736E-01  -8.9989481686E-02
    4     -1.9880428125E-01  -2.3042622670E-02   1.0846055146E-01  -1.7984427670E-01   8.8587888026E-02
    5     -3.2802444741E-02  -8.2483166897E-02  -9.0227865222E-02   9.1423603645E-02  -1.1950886491E-01
    6      9.4981125065E-04  -7.8550754643E-03  -2.6360499569E-03  -1.1209978163E-04   3.3037317956E-03
    7      1.8236397228E-04  -6.6732947726E-04  -1.1550488550E-03   3.0760086046E-04   2.0672498456E-04
    8     -1.3127716987E-03   2.3737929196E-03   3.1361395878E-03   1.2887522248E-03  -1.9635136977E-03
    9      6.1005527701E-02  -1.1816723945E-02   2.4846675506E-03   1.3924265721E-02   5.4299877760E-03
   10      4.6247544305E-01   4.8939516229E-02  -3.1070359441E-03  -7.6948824231E-03  -5.7425505138E-03
   11      4.8939516229E-02   5.2403007346E-01   9.3012029243E-04   1.5267667146E-02   6.7637649645E-03
   12     -3.1070359441E-03   9.3012029243E-04   1.3779152108E-01  -1.1881515084E-01   1.0178577879E-01
   13     -7.6948824231E-03   1.5267667146E-02  -1.1881515084E-01   1.8195134874E-01  -9.7861031938E-02
   14     -5.7425505138E-03   6.7637649645E-03   1.0178577879E-01  -9.7861031938E-02   1.1654734937E-01
   15      1.7442619582E-02  -2.9676280549E-02   8.6708165225E-04   1.0374256659E-03  -9.9147838422E-04
   16     -8.5749722760E-02   3.1484562887E-02  -1.3106274561E-03  -4.2499695148E-03  -2.4630363519E-03
   17      3.1621678202E-02  -1.3364355201E-01  -1.0756005444E-03  -2.0007155884E-03  -7.4892914259E-05
   18      1.6428706617E-02   1.0546089461E-01   3.4898115432E-05   4.0519845321E-04   9.4455276803E-05
   19     -4.9159587399E-02  -3.2020253609E-02  -5.5170057798E-05  -8.3998963728E-05   8.4548553768E-04
   20     -2.7417516363E-02  -2.2834189026E-01   1.1572773070E-04  -5.1433559163E-04  -4.4138875075E-04
   21     -9.5193544873E-02  -2.5904452129E-02   5.4777671560E-05  -7.9254878283E-04  -2.6010740874E-04
   22     -8.8406929335E-02  -1.0257330488E-02   8.1203192097E-04   7.3582060210E-04   4.3670712089E-04
   23     -8.9244365595E-03  -4.7653669511E-02   2.6356026854E-04   1.4501462487E-04   1.8025683446E-04
   24     -5.7349435579E-03  -8.8479410091E-03   4.9832075913E-03  -3.1123482917E-04  -7.1122679899E-03
   25      5.1357364559E-03  -4.8685464009E-03  -5.8357970467E-05  -9.5827171375E-04  -2.0688225551E-03
   26     -1.3871910610E-02  -2.0754635623E-02  -8.1891362198E-03  -2.8955388151E-03   2.6250699964E-03
   27      9.2070092974E-03   5.4038512186E-03   3.4283023874E-04   5.8471899252E-04   8.7457714059E-05
   28     -6.5167691884E-03  -3.9908697721E-03  -1.2478001616E-04  -5.5170090825E-04  -4.8468575958E-07
   29      2.0237129880E-02   6.8575552115E-03   2.7944911754E-04   1.3420814065E-03   3.6344030295E-04
   30      7.2233380347E-03  -1.3462665702E-02  -2.2641004967E-04   8.9974030512E-05   3.5159486903E-04
   31     -3.6075404345E-03   7.3419565254E-03   1.3109748915E-04  -2.0279027907E-04  -4.8294966737E-05
   32      8.3844670273E-03  -1.9246766890E-02  -7.1355451191E-05   3.0989663856E-04   1.7048452375E-04
   33     -7.2533432685E-04  -2.1566962205E-04   7.3097715438E-04   1.9404915183E-04  -1.1803177246E-03
   34     -1.1310728062E-04  -7.1653082509E-04  -1.3420010677E-03  -7.5296253943E-05   1.7196766077E-03
   35      6.8323098148E-04   8.9928699492E-04   7.0975935748E-04   1.2516598897E-04  -8.9983038636E-04
   36     -1.8394722828E-03  -2.6565473399E-03  -1.2499439430E-03  -1.7405278004E-04   6.5193040341E-05
   37     -4.2246277936E-03  -6.1217275909E-04   1.9151600056E-03   7.7440419802E-04  -4.3519082224E-04
   38     -7.8002082942E-04  -3.0645544956E-06  -5.5593073272E-04  -1.1164882532E-04   1.5880364505E-04
   39     -3.7468322183E-05  -2.7834357332E-04   3.0666797255E-05   1.0330764804E-04  -5.9723303658E-06
   40     -3.9647770425E-04  -3.3893009931E-04  -9.6268518749E-05   1.3718832614E-04   3.3342265008E-05
   41     -2.3884896055E-04  -7.6093271837E-04   4.8140483131E-05  -6.7407437916E-05   2.7881242281E-05
   42      1.4018955326E-03   1.2780530032E-03  -1.1082672094E-04   4.7240279408E-04  -4.6106468225E-04
   43     -1.1021445128E-03   9.5889328855E-05  -6.6881363064E-04   2.7069105197E-04  -6.9211924013E-04
   44      1.3137375598E-03   1.5861393646E-03  -5.2276285593E-04   3.5142687638E-04  -3.8715729076E-05
                   15                 16                 17                 18                 19        
    0      6.5809896872E-03  -6.8012852025E-03   5.3838356746E-03   6.5140282569E-06   1.2403293183E-03
    1      6.6590406155E-03  -3.9952266661E-02  -6.2195339583E-03   3.5883375122E-04  -3.5240648538E-03
    2      2.8670767974E-03  -7.6672242116E-03   1.7382490919E-03  -1.3981162594E-03   2.3945852823E-04
    3     -6.9869324020E-03   1.6730140086E-02  -3.1473834601E-03   5.5828940782E-04   1.4585655497E-02
    4      1.6539386941E-02  -2.5908283496E-02   9.4130796422E-03   3.7303463793E-05  -6.4914383324E-03
    5     -5.2646135900E-03   2.1996421937E-02   1.2664795365E-03  -3.1166642708E-04  -3.0927168261E-02
    6     -1.0996555459E-03   2.3807969131E-03  -1.8942958206E-03  -1.6885422022E-04  -2.4499829193E-03
    7      2.2874705562E-03  -2.1065170842E-03   1.4301989846E-04  -8.8853079299E-05  -4.5390346529E-04
    8     -2.7637420468E-03   2.3789285843E-03  -2.3874496174E-04   1.1634041711E-04   1.3649533248E-03
    9     -9.7795208295E-02   1.5111782619E-02  -3.4568386812E-02  -1.1041748501E-01   1.8591986698E-02
   10      1.7442619582E-02  -8.5749722760E-02   3.1621678202E-02   1.6428706617E-02  -4.9159587399E-02
   11     -2.9676280549E-02   3.1484562887E-02  -1.3364355201E-01   1.0546089461E-01  -3.2020253609E-02
   12      8.6708165225E-04  -1.3106274561E-03  -1.0756005444E-03   3.4898115432E-05  -5.5170057798E-05
   13      1.0374256659E-03  -4.2499695148E-03  -2.0007155884E-03   4.0519845321E-04  -8.3998963728E-05
   14     -9.9147838422E-04  -2.4630363519E-03  -7.4892914259E-05   9.4455276803E-05   8.4548553768E-04
   15      5.3319459929E-01  -4.1677284569E-02  -9.6078990876E-02   8.4075744067E-03  -7.7111554328E-03
   16     -4.1677284569E-02   5.6079536373E-01  -1.4026149629E-02  -2.1976111334E-03  -3.6726727891E-04
   17     -9.6078990876E-02  -1.4026149629E-02   4.7446698780E-01  -1.3289510788E-02   1.3083985766E-02
   18      8.4075744067E-03  -2.1976111334E-03  -1.3289510788E-02   1.1738969711E-01  -1.8885247244E-02
   19     -7.7111554328E-03  -3.6726727891E-04   1.3083985766E-02  -1.8885247244E-02   5.7008384809E-02
   20      1.3057329048E-02  -1.3957414679E-03  -1.7582060203E-02  -1.1645390464E-01   3.4236996802E-02
   21     -1.0208610232E-02  -5.5548962116E-03   6.1738817141E-05  -1.6426663037E-02  -6.9026844848E-03
   22      1.3797211155E-02   6.1996673119E-03   2.5962539762E-03   4.6393118641E-03   2.4280973694E-03
   23     -2.0586138524E-02  -1.0749577057E-02  -4.0748577365E-03   2.6634099974E-02   1.1530966046E-02
   24     -9.9538563991E-02  -4.1867232338E-02  -1.5175562377E-02   7.7932195142E-04   1.1728323111E-03
   25     -4.2718449389E-02  -1.2925957375E-01  -2.8485882130E-02  -4.2724928718E-04  -1.9920989844E-04
   26     -1.8349164130E-02  -2.6235381980E-02  -9.0701429901E-02  -4.2891482795E-04  -3.0642174421E-04
   27     -1.5282359893E-01   1.2542136819E-01   4.8144083496E-02   1.4113526392E-03  -5.4245269018E-04
   28      1.2283724507E-01  -1.9248969082E-01  -5.4591636399E-02  -3.9045694012E-04   8.2041104223E-04
   29      4.9205846770E-02  -5.7162768553E-02  -6.9392511112E-02   5.8166799097E-04  -4.4398398290E-04
   30     -1.6362841871E-01  -6.1196222451E-02   1.1887792261E-01  -2.1212874811E-04   1.8729712539E-03
   31     -6.0266922738E-02  -8.4663382543E-02   6.2237383679E-02   7.0783241479E-04  -4.4832947781E-04
   32      1.1674009139E-01   6.2041059694E-02  -1.5935250064E-01  -2.6393369498E-03   3.1292754841E-03
   33     -1.4790542010E-02  -1.6980645645E-03   7.1415878280E-03  -3.0513421528E-04  -9.8953206448E-05
   34     -2.4328180079E-02  -4.1426195360E-03   9.5406937118E-03   1.2244552316E-04   9.0363969903E-05
   35     -1.0090833907E-02  -5.0431539755E-04   3.9081062371E-03   4.7162697107E-04   7.1151612899E-05
   36     -2.2829430147E-03   2.3185891880E-03  -1.4923849367E-02  -6.1555676573E-04  -3.2185642629E-05
   37     -1.8864207672E-03   2.7981603260E-03  -2.4461229252E-02  -3.9723526771E-04   5.6773508765E-04
   38      8.0805495478E-04   2.1059711078E-03  -6.8830703684E-03  -3.8688479974E-05  -6.5264065875E-05
   39     -1.4311400531E-04  -4.1830170745E-04   3.1318319483E-04   7.5547974034E-05   1.6115460393E-04
   40     -3.6382757064E-04  -9.8918414802E-04   1.0155169922E-04   4.3317440739E-05  -1.5094266538E-05
   41     -6.2355213671E-04  -2.3717884441E-04  -1.4238207466E-04  -1.1893403034E-04   2.5927546444E-05
   42      2.4734209500E-04   6.8817413299E-04   1.7994881883E-04  -5.1737363545E-04  -9.6578748344E-04
   43     -1.5774845350E-03   8.5286223465E-05   9.6618410098E-04  -3.3760709659E-04  -1.7209834248E-04
   44      1.7976747888E-03   5.1574556371E-04   7.0617925199E-04   1.4088850737E-03  -7.1182347529E-04
                   20                 21                 22                 23                 24        
    0      5.2892163174E-04   5.0145645485E-05   6.3290152934E-04  -6.1104158641E-04  -1.0436040879E-01
    1     -9.9297631804E-04   7.2619616678E-04  -5.4763476724E-03  -2.8381875573E-04   4.6227353368E-02
    2      9.0790070394E-04   4.2126717508E-04  -6.2901173412E-04   3.3663438534E-04  -2.6347152394E-02
    3      1.1017972161E-03   5.8233072075E-03  -3.1417283030E-02  -5.9919781863E-03  -1.7615180612E-02
    4     -4.2969052607E-03   1.4908451837E-03  -1.1070829602E-02  -3.6271998220E-03   1.7120824555E-02
    5     -4.4230465940E-03  -2.5457382863E-04  -4.2258269570E-03  -1.7885398210E-03  -1.9828584467E-02
    6     -5.0328930315E-04  -5.3990659827E-05   8.5660913575E-04   1.5644286116E-04   6.0016657141E-03
    7     -2.6100233554E-04  -7.4479342192E-05   2.5331789431E-04  -2.3421935077E-04  -6.9892723097E-03
    8      2.7312785130E-04   3.0931664535E-04  -2.3660702052E-03  -5.2874359121E-04   2.8687063467E-03
    9      1.0676915606E-01  -2.6777223619E-01  -9.4554060981E-02  -2.3088572626E-02  -1.6740988371E-02
   10     -2.7417516363E-02  -9.5193544873E-02  -8.8406929335E-02  -8.9244365595E-03  -5.7349435579E-03
   11     -2.2834189026E-01  -2.5904452129E-02  -1.0257330488E-02  -4.7653669511E-02  -8.8479410091E-03
   12      1.1572773070E-04   5.4777671560E-05   8.1203192097E-04   2.6356026854E-04   4.9832075913E-03
   13     -5.1433559163E-04  -7.9254878283E-04   7.3582060210E-04   1.4501462487E-04  -3.1123482917E-04
   14     -4.4138875075E-04  -2.6010740874E-04   4.3670712089E-04   1.8025683446E-04  -7.1122679899E-03
   15      1.3057329048E-02  -1.0208610232E-02   1.3797211155E-02  -2.0586138524E-02  -9.9538563991E-02
   16     -1.3957414679E-03  -5.5548962116E-03   6.1996673119E-03  -1.0749577057E-02  -4.1867232338E-02
   17     -1.7582060203E-02   6.1738817141E-05   2.5962539762E-03  -4.0748577365E-03  -1.5175562377E-02
   18     -1.1645390464E-01  -1.6426663037E-02   4.6393118641E-03   2.6634099974E-02   7.7932195142E-04
   19      3.4236996802E-02  -6.9026844848E-03   2.4280973694E-03   1.1530966046E-02   1.1728323111E-03
   20      2.5230315425E-01  -8.7418211895E-04   5.8293289175E-04   2.0881737306E-03   4.0619213562E-04
   21     -8.7418211895E-04   2.8970684554E-01   1.0537416399E-01   2.8167256451E-02  -6.0519401764E-05
   22      5.8293289175E-04   1.0537416399E-01   9.5959762031E-02   1.2098160355E-02   3.4900794183E-04
   23      2.0881737306E-03   2.8167256451E-02   1.2098160355E-02   5.4657533187E-02  -2.8421677193E-03
   24      4.0619213562E-04  -6.0519401764E-05   3.4900794183E-04  -2.8421677193E-03   5.2638192101E-01
   25      2.9989341887E-05   1.5035383224E-03  -2.4410079960E-03   1.6749275423E-03  -1.6591997960E-02
   26     -1.7053615145E-03  -9.3341020593E-04   2.1194257798E-03  -2.7646157861E-03   9.3413751490E-03
   27      1.7114246013E-04  -6.0496073699E-04   6.1130545070E-04  -6.4254653228E-04   9.8135451089E-03
   28     -1.0508585979E-05   1.9363991536E-04  -4.6041973353E-04   3.9580033744E-04   1.4219206160E-02
   29      1.6718490695E-03  -9.2669377033E-04   3.9488917614E-04  -7.5821999891E-04   8.4752238795E-03
   30     -2.7339149120E-03   1.8163071613E-03  -2.1031179746E-04   3.2960500508E-05  -1.2386326717E-02
   31      1.0489778552E-03  -9.1623965059E-05   1.1405019363E-03  -4.7614212174E-04  -1.6486590881E-02
   32     -2.9395146475E-03   1.8553238661E-04  -8.9030811684E-04   1.3138818411E-03  -1.0819974742E-02
   33     -2.5841771439E-04  -2.6341428852E-05  -1.9157111384E-04  -5.2132011505E-04  -2.4607077345E-01
   34     -8.1388283518E-05  -1.1402241696E-04   5.0036376192E-04  -5.3007912020E-04   5.1401761133E-03
   35      8.1630025326E-05   2.3067759856E-05  -1.2473908528E-05  -4.5702784883E-04   7.3943839082E-02
   36     -6.9725989319E-04  -2.9615905769E-04   1.3661488295E-04  -4.3060852503E-04  -4.3699620417E-02
   37     -3.4924539312E-04  -4.1427039940E-04   4.8114134030E-04  -6.4711423929E-04   1.0300023644E-03
   38     -1.4593722463E-04  -1.5361446870E-04   1.2119743724E-04  -3.2112595640E-04  -1.4761313676E-02
   39      6.9396686258E-04  -2.1728435592E-04   1.1603556451E-04   2.9207640416E-04  -6.7612662139E-03
   40      5.1964825570E-04  -1.5937332871E-04   1.7861590871E-04   1.6477695848E-04   1.8434909810E-03
   41      3.1731728567E-04   1.2071780208E-05  -1.7237752786E-05   1.3569807923E-04   9.4224967139E-03
   42     -1.4121624644E-03  -1.7846181217E-03  -9.3672318161E-04  -8.3751947014E-04  -7.2601341394E-04
   43     -1.1522110576E-03  -6.1831050448E-06  -2.1753817329E-05  -5.3447400381E-04   9.3075041234E-04
   44     -2.0639537178E-03   1.3227974055E-04   4.6107592013E-05  -3.6537780762E-04   1.2917653614E-03
                   25                 26                 27                 28                 29        
    0      5.6284864421E-02  -2.5896173137E-02  -1.3961532180E-03  -1.5696173961E-03  -1.7886594514E-03
    1     -1.6181710834E-01   2.8085100108E-02  -2.8479578042E-03  -3.5278078448E-03  -8.2660635289E-04
    2      3.6285537882E-02  -9.1638935220E-02  -1.8959959729E-03  -1.8293809720E-03  -1.2184453423E-03
    3      1.1701404637E-02  -2.4501443687E-02  -1.1334288072E-03   1.0224871929E-03  -3.1655878136E-03
    4      9.4234626758E-04   1.7648533528E-02  -4.4411228688E-05  -1.4862233777E-03   1.9135390040E-03
    5      8.9840995561E-03  -1.1713057832E-02  -2.1027802290E-03   1.0803813873E-03  -3.5442440090E-03
    6      1.1966599482E-02   6.8490835550E-03   5.3378867606E-04   4.0734852727E-04   2.0163836051E-04
    7     -9.8663220420E-03  -8.9860892130E-03  -6.9667976857E-04  -8.6789697978E-04  -3.2794057182E-04
    8      1.0070477659E-02   5.8957092138E-03   4.8897500766E-04   6.9107728697E-04   4.9525624322E-04
    9     -9.3908715169E-04  -1.7463018377E-02  -8.0086046760E-03   4.9173042371E-03  -1.5518856406E-02
   10      5.1357364559E-03  -1.3871910610E-02   9.2070092974E-03  -6.5167691884E-03   2.0237129880E-02
   11     -4.8685464009E-03  -2.0754635623E-02   5.4038512186E-03  -3.9908697721E-03   6.8575552115E-03
   12     -5.8357970467E-05  -8.1891362198E-03   3.4283023874E-04  -1.2478001616E-04   2.7944911754E-04
   13     -9.5827171375E-04  -2.8955388151E-03   5.8471899252E-04  -5.5170090825E-04   1.3420814065E-03
   14     -2.0688225551E-03   2.6250699964E-03   8.7457714059E-05  -4.8468575958E-07   3.6344030295E-04
   15     -4.2718449389E-02  -1.8349164130E-02  -1.5282359893E-01   1.2283724507E-01   4.9205846770E-02
   16     -1.2925957375E-01  -2.6235381980E-02   1.2542136819E-01  -1.9248969082E-01  -5.7162768553E-02
   17     -2.8485882130E-02  -9.0701429901E-02   4.8144083496E-02  -5.4591636399E-02  -6.9392511112E-02
   18     -4.2724928718E-04  -4.2891482795E-04   1.4113526392E-03  -3.9045694012E-04   5.8166799097E-04
   19     -1.9920989844E-04  -3.0642174421E-04  -5.4245269018E-04   8.2041104223E-04  -4.4398398290E-04
   20      2.9989341887E-05  -1.7053615145E-03   1.7114246013E-04  -1.0508585979E-05   1.6718490695E-03
   21      1.5035383224E-03  -9.3341020593E-04  -6.0496073699E-04   1.9363991536E-04  -9.2669377033E-04
   22     -2.4410079960E-03   2.1194257798E-03   6.1130545070E-04  -4.6041973353E-04   3.9488917614E-04
   23      1.6749275423E-03  -2.7646157861E-03  -6.4254653228E-04   3.9580033744E-04  -7.5821999891E-04
   24     -1.6591997960E-02   9.3413751490E-03   9.8135451089E-03   1.4219206160E-02   8.4752238795E-03
   25      4.1518826212E-01  -1.7652742283E-02  -1.5146636834E-02  -1.5507064647E-02  -8.8187049502E-03
   26     -1.7652742283E-02   6.0046581350E-01  -4.5320919821E-03  -5.1627977023E-03  -3.2652838193E-03
   27     -1.5146636834E-02  -4.5320919821E-03   1.6336119433E-01  -1.3284742774E-01  -5.0017141626E-02
   28     -1.5507064647E-02  -5.1627977023E-03  -1.3284742774E-01   2.1108970262E-01   6.0338827635E-02
   29     -8.8187049502E-03  -3.2652838193E-03  -5.0017141626E-02   6.0338827635E-02   7.4094743291E-02
   30     -5.9564934279E-03   9.4540858853E-03  -1.2889024209E-02  -8.1868682954E-03   1.3038809640E-02
   31     -8.5703875542E-03   1.5648222006E-02   1.5757679198E-02   1.0242049758E-02  -1.6366798519E-02
   32     -7.3408054160E-03   8.9339134313E-03   5.5045553737E-03   3.4123224455E-03  -5.8400234612E-03
   33      3.9630796088E-04   8.2567426293E-02   1.5113297694E-03   1.6115675729E-04   7.9911597794E-05
   34     -4.2645591016E-02  -1.9234898096E-03   1.3041194218E-04   1.0922277582E-03   5.5819641913E-04
   35      1.9038704742E-04  -7.8272086805E-02   7.6405028866E-06   5.3113267706E-04   1.0734432900E-03
   36      3.2647374235E-04  -1.2212086268E-02  -2.0969255249E-04  -4.4231785584E-04  -2.1591412467E-04
   37     -4.9374337299E-02   1.3059639954E-02  -2.8437593468E-04  -1.0325488032E-03  -6.6413175521E-04
   38      1.2572916002E-02  -3.1084553390E-01  -5.5477016434E-04  -4.4656761008E-04  -4.6676787917E-04
   39      5.3079934254E-04   1.3246439397E-03  -2.0763643479E-04   5.4146327874E-04   2.3605455420E-06
   40     -5.5066504255E-04  -1.7558792773E-04  -3.0940114377E-04   5.3021596181E-04  -9.6869300012E-05
   41     -9.1195644784E-04  -3.0359721042E-03  -1.5914671835E-04  -4.1320537212E-04  -1.9821395540E-04
   42     -9.2408821868E-04   2.9541897189E-03   2.9905880609E-04  -7.6414371399E-04  -2.6346836607E-04
   43     -7.6805542580E-05   6.3432736723E-04   1.0326108934E-03  -1.3344848357E-03  -1.4406826303E-04
   44      3.5383649482E-04  -3.2235936372E-03   1.2818110727E-04   6.3118057463E-05   1.2742216916E-04
                   30                 31                 32                 33                 34        
    0     -5.6332620843E-04  -8.4669650592E-04  -1.0370506515E-03  -1.5234719235E-02   2.7215574613E-02
    1      2.7210872722E-05   1.1593870682E-04   2.2098249498E-04   2.9616469627E-03   4.2441995691E-04
    2     -2.6124745844E-04  -1.0985991438E-03  -3.2900115894E-04   4.5515105223E-04  -7.7260129746E-03
    3     -2.3275865558E-04   6.9207839273E-04  -4.3873024448E-04   5.6821607442E-04   4.6874464338E-04
    4     -6.3379247871E-04   3.0400297419E-04  -4.2547767207E-04   3.1021720274E-03  -2.8828144310E-03
    5     -9.0887295301E-04   1.9646558932E-04  -8.6053838554E-04   6.6963150201E-04   4.0711320225E-05
    6      1.2402097049E-04   3.3975000008E-04   3.4937670814E-04  -4.5282567719E-04  -6.3450193135E-04
    7     -1.5244762858E-04  -2.6311118898E-04   1.3693608900E-05   5.0920375709E-04  -4.0526741453E-04
    8      6.4832900426E-05  -4.9997270373E-05  -1.1551230755E-04  -1.6518268450E-04   1.0468250890E-04
    9      9.9599465770E-03  -8.1222861686E-03   1.5631290371E-02  -1.7584333472E-03   5.1326317307E-05
   10      7.2233380347E-03  -3.6075404345E-03   8.3844670273E-03  -7.2533432685E-04  -1.1310728062E-04
   11     -1.3462665702E-02   7.3419565254E-03  -1.9246766890E-02  -2.1566962205E-04  -7.1653082509E-04
   12     -2.2641004967E-04   1.3109748915E-04  -7.1355451191E-05   7.3097715438E-04  -1.3420010677E-03
   13      8.9974030512E-05  -2.0279027907E-04   3.0989663856E-04   1.9404915183E-04  -7.5296253943E-05
   14      3.5159486903E-04  -4.8294966737E-05   1.7048452375E-04  -1.1803177246E-03   1.7196766077E-03
   15     -1.6362841871E-01  -6.0266922738E-02   1.1674009139E-01  -1.4790542010E-02  -2.4328180079E-02
   16     -6.1196222451E-02  -8.4663382543E-02   6.2041059694E-02  -1.6980645645E-03  -4.1426195360E-03
   17      1.1887792261E-01   6.2237383679E-02  -1.5935250064E-01   7.1415878280E-03   9.5406937118E-03
   18     -2.1212874811E-04   7.0783241479E-04  -2.6393369498E-03  -3.0513421528E-04   1.2244552316E-04
   19      1.8729712539E-03  -4.4832947781E-04   3.1292754841E-03  -9.8953206448E-05   9.0363969903E-05
   20     -2.7339149120E-03   1.0489778552E-03  -2.9395146475E-03  -2.5841771439E-04  -8.1388283518E-05
   21      1.8163071613E-03  -9.1623965059E-05   1.8553238661E-04  -2.6341428852E-05  -1.1402241696E-04
   22     -2.1031179746E-04   1.1405019363E-03  -8.9030811684E-04  -1.9157111384E-04   5.0036376192E-04
   23      3.2960500508E-05  -4.7614212174E-04   1.3138818411E-03  -5.2132011505E-04  -5.3007912020E-04
   24     -1.2386326717E-02  -1.6486590881E-02  -1.0819974742E-02  -2.4607077345E-01   5.1401761133E-03
   25     -5.9564934279E-03  -8.5703875542E-03  -7.3408054160E-03   3.9630796088E-04  -4.2645591016E-02
   26      9.4540858853E-03   1.5648222006E-02   8.9339134313E-03   8.2567426293E-02  -1.9234898096E-03
   27     -1.2889024209E-02   1.5757679198E-02   5.5045553737E-03   1.5113297694E-03   1.3041194218E-04
   28     -8.1868682954E-03   1.0242049758E-02   3.4123224455E-03   1.6115675729E-04   1.0922277582E-03
   29      1.3038809640E-02  -1.6366798519E-02  -5.8400234612E-03   7.9911597794E-05   5.5819641913E-04
   30      1.7880475065E-01   6.9894103234E-02  -1.2192584566E-01  -6.8523584336E-04  -3.3378719950E-03
   31      6.9894103234E-02   8.7093827012E-02  -6.6862920201E-02  -2.0033442069E-03  -3.1543904957E-03
   32     -1.2192584566E-01  -6.6862920201E-02   1.7621702364E-01  -2.0363491368E-03  -2.4755790238E-03
   33     -6.8523584336E-04  -2.0033442069E-03  -2.0363491368E-03   2.7308444855E-01  -2.1423607363E-03
   34     -3.3378719950E-03  -3.1543904957E-03  -2.4755790238E-03  -2.1423607363E-03   5.0206600517E-02
   35     -1.3671235682E-03  -9.8655676601E-04   4.4281646119E-04  -8.3013207202E-02   1.7757282830E-04
   36      9.3457139519E-04   4.9551182363E-04  -1.4283489762E-04  -4.5545018308E-05  -1.7443732954E-03
   37      6.5077192257E-04   1.7581475970E-03   6.2828134393E-04  -2.7479072446E-04   3.2767294854E-04
   38     -2.9882151137E-04   1.4203987443E-04   1.4363926631E-03  -3.4832438273E-04   5.5815446752E-04
   39     -3.1029100046E-04   2.8080440658E-04   2.5576806338E-04   1.9577728815E-03   1.5503192094E-04
   40     -2.7525183239E-04   2.7149624036E-04   1.3090865722E-04  -7.6579703190E-04   1.2712642827E-05
   41      2.0625784479E-04  -1.1561406134E-04  -1.4803069218E-04  -2.0377156546E-03  -3.4546951408E-04
   42     -5.0567661651E-04  -4.7010965839E-04   4.3559690678E-04   1.5168057994E-03   3.8206105914E-04
   43      1.7960772372E-04  -1.6032251712E-05  -2.5244836350E-04   5.5321868322E-04   7.6472487289E-04
   44     -1.0587059594E-03  -6.3347108065E-04   3.1737562113E-04  -1.1131185796E-03   1.1000489719E-03
                   35                 36                 37                 38                 39        
    0     -1.0871121821E-02  -2.0429791699E-03   2.1958794276E-04  -9.8818384460E-04  -2.9039633446E-04
    1     -6.1315795092E-04   2.6986713365E-04   1.5393536381E-03  -3.4181574785E-04  -1.8425921553E-04
    2      4.2222893744E-03  -1.6897879601E-02   2.8688439978E-02  -6.1286081639E-03   4.5230440512E-04
    3     -1.5574343485E-03  -3.4904070236E-04   2.4650741131E-03  -2.4069140231E-04  -2.3847628646E-04
    4      2.7630917365E-04   1.6337952232E-03  -4.5996317735E-03   1.1175810259E-03  -4.2944228849E-04
    5     -4.0883617805E-04  -1.1011912952E-03   1.1819817893E-03  -2.4627663360E-04   2.5325400959E-04
    6      4.8364507327E-04   2.8866923056E-04  -5.3924091812E-04  -3.4592031718E-04   3.8781150476E-05
    7     -1.7311103969E-04  -1.4758518900E-04   4.2053800024E-04   4.7561901306E-04   8.8653846752E-05
    8      1.3807877361E-04   6.0136479252E-04  -9.4128214196E-04   1.7241085895E-04   6.0500501736E-05
    9     -2.5816980963E-04  -1.0171354539E-03  -1.6630559364E-03  -3.3395395339E-05   1.3278693101E-04
   10      6.8323098148E-04  -1.8394722828E-03  -4.2246277936E-03  -7.8002082942E-04  -3.7468322183E-05
   11      8.9928699492E-04  -2.6565473399E-03  -6.1217275909E-04  -3.0645544956E-06  -2.7834357332E-04
   12      7.0975935748E-04  -1.2499439430E-03   1.9151600056E-03  -5.5593073272E-04   3.0666797255E-05
   13      1.2516598897E-04  -1.7405278004E-04   7.7440419802E-04  -1.1164882532E-04   1.0330764804E-04
   14     -8.9983038636E-04   6.5193040341E-05  -4.3519082224E-04   1.5880364505E-04  -5.9723303658E-06
   15     -1.0090833907E-02  -2.2829430147E-03  -1.8864207672E-03   8.0805495478E-04  -1.4311400531E-04
   16     -5.0431539755E-04   2.3185891880E-03   2.7981603260E-03   2.1059711078E-03  -4.1830170745E-04
   17      3.9081062371E-03  -1.4923849367E-02  -2.4461229252E-02  -6.8830703684E-03   3.1318319483E-04
   18      4.7162697107E-04  -6.1555676573E-04  -3.9723526771E-04  -3.8688479974E-05   7.5547974034E-05
   19      7.1151612899E-05  -3.2185642629E-05   5.6773508765E-04  -6.5264065875E-05   1.6115460393E-04
   20      8.1630025326E-05  -6.9725989319E-04  -3.4924539312E-04  -1.4593722463E-04   6.9396686258E-04
   21      2.3067759856E-05  -2.9615905769E-04  -4.1427039940E-04  -1.5361446870E-04  -2.1728435592E-04
   22     -1.2473908528E-05   1.3661488295E-04   4.8114134030E-04   1.2119743724E-04   1.1603556451E-04
   23     -4.5702784883E-04  -4.3060852503E-04  -6.4711423929E-04  -3.2112595640E-04   2.9207640416E-04
   24      7.3943839082E-02  -4.3699620417E-02   1.0300023644E-03  -1.4761313676E-02  -6.7612662139E-03
   25      1.9038704742E-04   3.2647374235E-04  -4.9374337299E-02   1.2572916002E-02   5.3079934254E-04
   26     -7.8272086805E-02  -1.2212086268E-02   1.3059639954E-02  -3.1084553390E-01   1.3246439397E-03
   27      7.6405028866E-06  -2.0969255249E-04  -2.8437593468E-04  -5.5477016434E-04  -2.0763643479E-04
   28      5.3113267706E-04  -4.4231785584E-04  -1.0325488032E-03  -4.4656761008E-04   5.4146327874E-04
   29      1.0734432900E-03  -2.1591412467E-04  -6.6413175521E-04  -4.6676787917E-04   2.3605455420E-06
   30     -1.3671235682E-03   9.3457139519E-04   6.5077192257E-04  -2.9882151137E-04  -3.1029100046E-04
   31     -9.8655676601E-04   4.9551182363E-04   1.7581475970E-03   1.4203987443E-04   2.8080440658E-04
   32      4.4281646119E-04  -1.4283489762E-04   6.2828134393E-04   1.4363926631E-03   2.5576806338E-04
   33     -8.3013207202E-02  -4.5545018308E-05  -2.7479072446E-04  -3.4832438273E-04   1.9577728815E-03
   34      1.7757282830E-04  -1.7443732954E-03   3.2767294854E-04   5.5815446752E-04   1.5503192094E-04
   35      8.4303022946E-02   3.2172920726E-02  -1.9457602803E-04  -1.2621146155E-02  -9.5495099094E-04
   36      3.2172920726E-02   5.0126541791E-02  -8.4143899162E-04   1.7509298854E-02   7.5202751926E-04
   37     -1.9457602803E-04  -8.4143899162E-04   5.0749584643E-02  -1.4932392813E-02   2.8665429937E-05
   38     -1.2621146155E-02   1.7509298854E-02  -1.4932392813E-02   3.3314251929E-01   3.4763437334E-04
   39     -9.5495099094E-04   7.5202751926E-04   2.8665429937E-05   3.4763437334E-04   2.6295977142E-01
   40      8.1649368850E-04  -2.4596495891E-04  -3.7815909511E-05  -6.9489984822E-05  -1.9567374031E-01
   41      2.9371387653E-04  -7.1597374787E-04  -3.3050073928E-05  -3.2675522152E-04   1.6581256750E-01
   42      2.7625671789E-04  -2.9319384122E-04  -8.4120707431E-06  -3.9261258743E-04  -2.5777889004E-01
   43     -3.8844019213E-04   2.8651823442E-04  -1.4777619986E-04  -3.7192486411E-04   1.9476045185E-01
   44     -2.7034606055E-03  -3.0735357226E-04  -2.6231197578E-04   3.0781596036E-03  -1.6850306798E-01
                   40                 41                 42                 43                 44        
    0      7.3581832081E-04  -7.3707448909E-04   1.9196629642E-03  -1.8266139942E-03   1.3513385227E-03
    1      3.4031343174E-04   8.8253829159E-04   1.2898837640E-03  -1.3239331212E-03   8.7464126487E-05
    2     -4.6529871349E-05  -6.7690135456E-04   1.4874834973E-03  -1.7953550138E-03   1.5607556553E-03
    3      2.3561755531E-05   1.9377765967E-04  -7.8314744379E-04   8.5741865080E-04  -1.4995909204E-03
    4     -2.8062169726E-04   4.7339850826E-05  -4.2828040515E-04   2.2491489548E-03  -3.2950687451E-04
    5     -7.2375048898E-04   1.6030873153E-04  -1.8816860701E-03   2.0425771565E-03  -9.8925728500E-04
    6     -1.3961302183E-04  -1.3753228960E-05  -1.7680976415E-04   5.5608291603E-04   9.2134537924E-05
    7      1.7081772088E-04   4.2590675734E-05  -3.7771631729E-04   1.8893903533E-03   1.5341165976E-04
    8      8.1360063179E-05   2.7729923223E-05  -6.1764706293E-05   9.9601255061E-04  -1.9458073333E-04
    9     -6.5824776294E-05  -5.7608862992E-05   1.2791497179E-03   2.3399266722E-04  -1.9778576596E-03
   10     -3.9647770425E-04  -2.3884896055E-04   1.4018955326E-03  -1.1021445128E-03   1.3137375598E-03
   11     -3.3893009931E-04  -7.6093271837E-04   1.2780530032E-03   9.5889328855E-05   1.5861393646E-03
   12     -9.6268518749E-05   4.8140483131E-05  -1.1082672094E-04  -6.6881363064E-04  -5.2276285593E-04
   13      1.3718832614E-04  -6.7407437916E-05   4.7240279408E-04   2.7069105197E-04   3.5142687638E-04
