
$orca_hessian_file

$act_atom
  0

$act_coord
  0

$act_energy
     -270.656742

$multiplicity
  1

$hessian
45
                    0                  1                  2                  3                  4        
    0      4.8897052176E-01   7.4739923507E-02   3.3603834070E-01  -3.0727452751E-01  -7.2338472790E-02
    1      7.4739923507E-02   6.6965766720E-01   1.4438404983E-01  -6.8537293348E-02  -1.2848341738E-01
    2      3.3603834070E-01   1.4438404983E-01   4.7645537430E-01  -2.4839810834E-01  -7.5864769640E-02
    3     -3.0727452751E-01  -6.8537293348E-02  -2.4839810834E-01   5.5080905795E-01  -5.2715457495E-02
    4     -7.2338472790E-02  -1.2848341738E-01  -7.5864769640E-02  -5.2715457495E-02   5.6917524707E-01
    5     -2.5116094703E-01  -7.2133906033E-02  -3.0438635318E-01   3.7922741253E-01   8.0843323585E-03
    6     -6.2433199548E-02  -5.3818697710E-02  -2.7925078603E-02   2.1742523582E-03  -1.9767731921E-02
    7     -5.6967911419E-02  -3.0257502767E-01  -8.7262556167E-02   1.9404454659E-03  -1.2763264873E-03
    8     -2.9264092777E-02  -8.2719231009E-02  -7.3930465470E-02  -3.1164991706E-03  -2.0923732806E-02
    9      5.2466035378E-04  -2.0558738018E-02  -1.0671492518E-02  -7.7708179723E-02   1.7265995517E-03
   10     -1.2600338804E-02  -2.2872269794E-02  -2.0138634970E-02  -7.3121330227E-03  -2.0010346840E-01
   11     -1.0315900335E-02  -2.3274407729E-02  -8.9447723498E-03  -4.4973892733E-03  -1.6373138673E-02
   12     -5.3474226165E-03   1.7110622020E-02  -7.1291740539E-03  -1.4318037405E-01   1.0988225444E-01
   13     -7.9268778563E-03   9.5658939597E-03  -6.1001531918E-03   1.1455052820E-01  -1.8464437572E-01
   14     -1.1335743878E-02   1.6023231644E-02  -2.0289940605E-03  -8.5887560482E-02   8.6461724449E-02
   15      5.6459383654E-03   3.9158205250E-03  -2.3522901998E-04  -7.9090067707E-03   1.5926739175E-02
   16     -1.0891655383E-02  -4.1306234903E-02  -7.0067061690E-03   1.7974860734E-02  -2.9532539112E-02
   17      3.6247944398E-03  -6.0664411293E-03   1.6222544454E-03  -2.4404690032E-03   9.5566826352E-03
   18     -5.3178553392E-04   1.0649252061E-04  -1.1657736435E-03   1.1690185192E-03  -4.5037573799E-04
   19      1.6677581765E-04  -3.7446928964E-03  -3.6172103736E-04   1.2458805244E-02  -8.1623582992E-03
   20      1.1443556561E-03  -6.7122636109E-04   1.3463875846E-03   5.1040023391E-04  -3.8345552370E-03
   21      1.9222206924E-04   5.6629595191E-04   5.2806064192E-04   2.9495299047E-03   8.0761723467E-04
   22     -2.3925571339E-04  -5.5177665937E-03  -4.9057163696E-04  -3.2451388564E-02  -9.3065666916E-03
   23     -4.4121302900E-04  -1.4226969507E-04   8.1964446343E-04  -5.8319250903E-03  -3.3678945536E-03
   24     -1.0006875826E-01   4.3143875148E-02  -3.1429865091E-02  -1.2910502047E-02   1.6639613633E-02
   25      6.0804074066E-02  -1.7181571592E-01   3.7734303548E-02   9.0411196050E-03   5.3096993170E-04
   26     -3.1014273928E-02   2.9889133397E-02  -8.9267251246E-02  -2.4085364191E-02   1.9458664777E-02
   27     -2.3752200800E-03  -2.8682621904E-03  -1.7205503882E-03  -1.4502852591E-03  -8.8790222204E-05
   28     -2.8220558686E-03  -3.6284730493E-03  -2.0887871505E-03   2.8676639355E-04  -2.2393600957E-03
   29     -1.8697269814E-03  -4.9543406819E-04  -5.9877586874E-04  -3.3208691177E-03   1.9777816356E-03
   30      2.2790487302E-04   1.7070856909E-04  -2.3587412844E-04  -1.8618647913E-04  -3.7054517925E-04
   31     -1.2247706565E-03   8.9432574098E-04  -8.1858883886E-04   9.8012628054E-05   2.6707197527E-04
   32     -6.4296511559E-04   5.4752586046E-04   1.1911842193E-04  -4.6529383434E-04  -5.3876765881E-04
   33     -2.1402218846E-02   1.0768831980E-02   5.3328705810E-03  -6.2470573215E-03   5.8177925433E-03
   34      2.1354260075E-02  -1.5883499221E-03  -8.7099074966E-03   9.2830461210E-04  -1.6780320266E-03
   35     -2.2843340006E-03  -4.0480717640E-03   1.6258199145E-03   4.1106879926E-03  -2.0010807056E-03
   36     -5.2308504311E-03  -4.9265520823E-04  -1.5374339211E-02  -9.1511121874E-04   2.0822168817E-03
   37      4.2317786354E-03   3.9134938278E-03   2.8053382916E-02   2.0639084627E-03  -5.4578903580E-03
   38     -3.5753012241E-05  -1.1141122346E-03  -4.0629243981E-03   2.6312183500E-04   1.1123115523E-03
   39      3.9382295406E-03  -3.3894256361E-03   1.5050035871E-03   2.2815375661E-03  -1.8405641930E-03
   40      1.4029224086E-03  -4.0246387725E-04  -6.2062828677E-04  -2.5426150328E-04   4.0087659841E-04
   41     -4.0790403161E-03   3.2204211721E-03   3.1840240115E-04  -1.7910212004E-03   2.1370338596E-03
   42      5.1645058671E-03   2.2059604424E-03   1.2467601553E-04  -1.6021659201E-03  -1.8101628508E-03
   43     -7.5185457278E-04  -2.0969687182E-03  -3.6936348948E-03  -1.5729504818E-03   5.1016899622E-04
   44      2.3930330849E-03  -4.1433869814E-04   9.1253504609E-04  -2.9105067690E-03  -1.9270440233E-03
                    5                  6                  7                  8                  9        
    0     -2.5116094703E-01  -6.2433199548E-02  -5.6967911419E-02  -2.9264092777E-02   5.2466035378E-04
    1     -7.2133906033E-02  -5.3818697710E-02  -3.0257502767E-01  -8.2719231009E-02  -2.0558738018E-02
    2     -3.0438635318E-01  -2.7925078603E-02  -8.7262556167E-02  -7.3930465470E-02  -1.0671492518E-02
    3      3.7922741253E-01   2.1742523582E-03   1.9404454659E-03  -3.1164991706E-03  -7.7708179723E-02
    4      8.0843323585E-03  -1.9767731921E-02  -1.2763264873E-03  -2.0923732806E-02   1.7265995517E-03
    5      5.1512253044E-01  -5.8621342112E-03   3.5461498405E-04  -1.9568278544E-04  -5.2419350446E-03
    6     -5.8621342112E-03   5.4612574838E-02   6.0956636020E-02   3.3253187870E-02   3.9406800130E-03
    7      3.5461498405E-04   6.0956636020E-02   3.1387950996E-01   9.4287544390E-02  -9.0652223910E-04
    8     -1.9568278544E-04   3.3253187870E-02   9.4287544390E-02   6.8221763011E-02  -8.5083593085E-03
    9     -5.2419350446E-03   3.9406800130E-03  -9.0652223910E-04  -8.5083593085E-03   5.6315375053E-01
   10     -2.7685405482E-02   4.6972768362E-04  -2.6458270034E-04  -1.1368878461E-03   6.0662246815E-02
   11     -7.8156860825E-02  -7.4566737834E-03  -3.1629465239E-05   3.3055435744E-03  -1.5886936685E-02
   12     -8.6845110957E-02  -1.4465338906E-03  -2.6971266973E-04   3.4034697965E-03   3.8964788254E-03
   13      9.0015903770E-02   6.3976249039E-04  -3.8880789885E-04   2.1319601959E-03   1.4355521944E-02
   14     -1.1069617293E-01   4.7551604978E-03  -7.5603703979E-04  -1.5875422840E-03   4.7231587115E-03
   15     -5.1019552622E-03  -1.6975575742E-03   2.0721095001E-03  -3.7298728556E-03  -1.0264418515E-01
   16      2.2228356228E-02   2.1864829232E-03  -1.3991507013E-03   2.4171057740E-03   1.6165399005E-02
   17      6.3071172442E-04  -1.7067758340E-03  -1.1134722942E-03   2.7336546368E-04  -3.6655251485E-02
   18     -1.7879590525E-03  -3.6385871335E-04  -7.0947281323E-05   8.9344333334E-05  -9.6052552014E-02
   19     -3.2120746381E-02  -2.3813748829E-03  -1.6070839354E-04   1.5154285308E-03   2.2677776263E-02
   20     -3.9884729716E-03  -2.3561293060E-04  -1.4226959634E-04   5.3307190065E-04   9.8691378031E-02
   21     -1.0490490495E-03  -4.5548854374E-05  -9.5558234357E-05   1.5216877010E-05  -2.7651913296E-01
   22     -1.1673317914E-03   9.9577669818E-04  -5.4010068819E-04  -3.4567415061E-03  -8.8011332688E-02
   23     -2.1720650029E-03  -3.6784044492E-06  -2.8518981042E-04  -4.5305315858E-04  -4.9008372221E-03
   24     -1.4750194623E-02   9.1215661422E-03  -1.0289586316E-02   5.0103122736E-03  -1.9445293343E-02
   25      4.8091174112E-03   1.2437291726E-02  -1.2964536818E-02   8.6749687351E-03  -1.7368398322E-03
   26     -1.0129873899E-02   6.5339665825E-03  -8.5697310655E-03   5.0328426993E-03  -1.9702479876E-02
   27     -2.0953812141E-03   6.1481683645E-04  -6.4641233119E-04   3.7654023748E-04  -7.4077882193E-03
   28      2.7362837656E-04   3.5056669146E-04  -9.6798065716E-04  -6.4205172312E-06   3.1488085984E-03
   29     -3.7154493021E-03   1.0422316289E-04  -2.6741766585E-04   1.4176597346E-04  -1.2536129015E-02
   30     -3.8850736323E-04   1.9772549417E-04  -1.1653143404E-04   4.3375918770E-04   1.1148355268E-02
   31      1.4958973852E-04   4.0029561642E-04  -2.4304807280E-04  -4.3615275238E-04  -6.8154136920E-03
   32     -6.1336874044E-04   3.7731368805E-04   2.3356000921E-05  -1.0288335702E-04   1.3878702781E-02
   33     -1.7606286582E-03  -6.2422766469E-04   8.6242598249E-04  -1.6046979163E-04  -1.6203826202E-03
   34      1.1336009972E-03  -8.6768258189E-04  -9.1064705939E-04   1.9629208793E-04   2.4575612548E-04
   35      2.5974227529E-03   4.9738065299E-04  -7.0281424045E-04  -8.6286468071E-05   1.3070153206E-03
   36     -1.8997906514E-03  -9.5196984295E-05  -1.4875174489E-03   7.1033622270E-04  -1.1036026891E-03
   37      9.4043492565E-04  -1.0056225828E-04  -6.4075518008E-04  -1.0215102286E-03  -2.3993000558E-03
   38      4.3677068127E-04  -2.2610413794E-04  -3.6442142496E-04   5.3497091091E-04   5.8373455671E-05
   39      1.4127880479E-03   6.7220293552E-04  -8.3083645243E-05   4.2332309151E-04   1.2981139846E-03
   40     -1.1899897109E-03  -4.9631278799E-05   1.5515404571E-04  -3.4036935703E-04   2.6007646385E-04
   41     -5.8483870758E-04  -3.0027936808E-04   1.7093111999E-04   3.4032101245E-04  -1.6155525503E-04
   42     -4.0632235896E-03  -4.6276953876E-03   6.2866586940E-03   5.0004610091E-04  -1.4609222577E-03
   43      2.3502526387E-03  -2.6353518603E-03   8.2970083241E-03   1.4204065777E-04  -1.6497530844E-03
   44     -4.1482972556E-03  -1.2411372697E-03   5.3347979255E-03  -2.0277310229E-03  -3.2899082981E-03
                   10                 11                 12                 13                 14        
    0     -1.2600338804E-02  -1.0315900335E-02  -5.3474226165E-03  -7.9268778563E-03  -1.1335743878E-02
    1     -2.2872269794E-02  -2.3274407729E-02   1.7110622020E-02   9.5658939597E-03   1.6023231644E-02
    2     -2.0138634970E-02  -8.9447723498E-03  -7.1291740539E-03  -6.1001531918E-03  -2.0289940605E-03
    3     -7.3121330227E-03  -4.4973892733E-03  -1.4318037405E-01   1.1455052820E-01  -8.5887560482E-02
    4     -2.0010346840E-01  -1.6373138673E-02   1.0988225444E-01  -1.8464437572E-01   8.6461724449E-02
    5     -2.7685405482E-02  -7.8156860825E-02  -8.6845110957E-02   9.0015903770E-02  -1.1069617293E-01
    6      4.6972768362E-04  -7.4566737834E-03  -1.4465338906E-03   6.3976249039E-04   4.7551604978E-03
    7     -2.6458270034E-04  -3.1629465239E-05  -2.6971266973E-04  -3.8880789885E-04  -7.5603703979E-04
    8     -1.1368878461E-03   3.3055435744E-03   3.4034697965E-03   2.1319601959E-03  -1.5875422840E-03
    9      6.0662246815E-02  -1.5886936685E-02   3.8964788254E-03   1.4355521944E-02   4.7231587115E-03
   10      4.6118610750E-01   4.8887653587E-02  -4.3340957724E-03  -8.0911036164E-03  -6.2540279918E-03
   11      4.8887653587E-02   5.2693736134E-01   2.5766972094E-03   1.4261214758E-02   6.6999168193E-03
   12     -4.3340957724E-03   2.5766972094E-03   1.3987405701E-01  -1.2092649642E-01   9.9021085234E-02
   13     -8.0911036164E-03   1.4261214758E-02  -1.2092649642E-01   1.9230851595E-01  -9.4241516711E-02
   14     -6.2540279918E-03   6.6999168193E-03   9.9021085234E-02  -9.4241516711E-02   1.0554496456E-01
   15      1.9001174460E-02  -3.2972693945E-02   1.4380949446E-03  -1.0277058420E-03  -2.4217810109E-03
   16     -8.6845862551E-02   2.8561723349E-02  -2.1058690815E-03  -4.8385655216E-03  -2.1982115241E-03
   17      3.1275492665E-02  -1.3415938133E-01  -9.7770589468E-04  -2.9748984140E-03  -2.6179213970E-04
   18      2.0503649756E-02   9.7764654227E-02   7.8920705328E-05   1.7921584227E-04   5.4124418091E-04
   19     -5.4441796038E-02  -4.5454378052E-02   6.2139067295E-04   8.7468638105E-04   1.9461856114E-03
   20     -4.0904615975E-02  -2.4059287553E-01  -5.2811751905E-04  -1.3837223523E-04   7.6856887359E-04
   21     -8.8866293945E-02  -6.7941518388E-03   3.7377514633E-04   6.4078393986E-05   9.1809497055E-04
   22     -8.3371530450E-02  -2.1013416036E-03   1.2021032190E-03   1.3353076968E-03   1.1284553903E-03
   23     -8.7578231752E-04  -4.5102930736E-02   3.0427582487E-04   7.5449798162E-04   7.7600635441E-04
   24     -4.3959252426E-03  -7.7185351407E-03   3.2716363281E-03  -2.9171352405E-04  -5.4516887186E-03
   25      2.4801471082E-03  -7.2782212342E-03  -6.1968883885E-04  -2.2123374221E-03  -2.4850091211E-03
   26     -1.3340647571E-02  -1.8084159589E-02  -7.6240129273E-03  -5.1115035221E-04   4.9196926640E-03
   27      1.0611710197E-02   5.8018846416E-03   5.2107308579E-04   6.7296478483E-04   5.6947800508E-05
   28     -6.4635980926E-03  -3.7376690192E-03  -1.6246492090E-04  -4.6667789900E-04  -5.0191041309E-06
   29      2.0217202681E-02   6.3884912821E-03   2.7383302891E-04   1.4177332962E-03   2.5850224659E-04
   30      6.4501941265E-03  -1.5899788806E-02   4.3342331708E-05   1.3067311562E-05   3.3812315721E-04
   31     -3.1144059320E-03   8.0367701888E-03  -1.8571281845E-05  -5.3871945438E-05  -1.6576985763E-04
   32      4.9076207295E-03  -2.0294846468E-02  -3.6315502970E-04   4.6742429891E-04   3.5715983437E-04
   33     -2.0216381914E-03  -1.6059739665E-03   9.7359693088E-04   2.7009551182E-04  -2.0339748933E-03
   34     -5.8782896451E-04  -8.4627975927E-04  -9.2210391116E-04  -1.3431566685E-04   1.1599820118E-03
   35      1.6457627832E-03   1.9898892775E-03   2.7697911067E-04  -1.1345933191E-04   2.9078243422E-05
   36     -2.9853921294E-03  -3.8442649109E-03  -2.0800213867E-03  -1.9736636232E-04  -7.8244612486E-04
   37     -4.3410069262E-03  -1.2835316961E-03   2.2374827409E-03   1.8388518948E-04  -1.5637767437E-04
   38     -5.4475528844E-04   1.0271743674E-03  -1.5058839321E-04  -4.1768660703E-04   4.5131957636E-04
   39      1.1461316351E-03   1.5145107637E-03   1.2105631407E-03   1.6265842115E-03   8.7196324109E-04
   40      4.1961503578E-04  -7.1373156048E-04  -1.1516951365E-03  -5.3181025224E-04   7.8450461979E-04
   41     -1.2058671292E-03  -1.1147954770E-03   1.7467672625E-04  -3.9957099779E-05  -3.7656029267E-05
   42      6.5066972773E-03  -1.7691817501E-03   3.7281349539E-04  -2.4409627683E-04  -4.6927603816E-03
   43      6.4115838228E-03  -1.6367634019E-03  -2.3007174676E-03  -2.9064232395E-03  -3.1393164916E-03
   44      8.1366224371E-03   1.0224564319E-04  -1.0329744592E-03  -2.6143385685E-03  -5.1930517298E-03
                   15                 16                 17                 18                 19        
    0      5.6459383654E-03  -1.0891655383E-02   3.6247944398E-03  -5.3178553392E-04   1.6677581765E-04
    1      3.9158205250E-03  -4.1306234903E-02  -6.0664411293E-03   1.0649252061E-04  -3.7446928964E-03
    2     -2.3522901998E-04  -7.0067061690E-03   1.6222544454E-03  -1.1657736435E-03  -3.6172103736E-04
    3     -7.9090067707E-03   1.7974860734E-02  -2.4404690032E-03   1.1690185192E-03   1.2458805244E-02
    4      1.5926739175E-02  -2.9532539112E-02   9.5566826352E-03  -4.5037573799E-04  -8.1623582992E-03
    5     -5.1019552622E-03   2.2228356228E-02   6.3071172442E-04  -1.7879590525E-03  -3.2120746381E-02
    6     -1.6975575742E-03   2.1864829232E-03  -1.7067758340E-03  -3.6385871335E-04  -2.3813748829E-03
    7      2.0721095001E-03  -1.3991507013E-03  -1.1134722942E-03  -7.0947281323E-05  -1.6070839354E-04
    8     -3.7298728556E-03   2.4171057740E-03   2.7336546368E-04   8.9344333334E-05   1.5154285308E-03
    9     -1.0264418515E-01   1.6165399005E-02  -3.6655251485E-02  -9.6052552014E-02   2.2677776263E-02
   10      1.9001174460E-02  -8.6845862551E-02   3.1275492665E-02   2.0503649756E-02  -5.4441796038E-02
   11     -3.2972693945E-02   2.8561723349E-02  -1.3415938133E-01   9.7764654227E-02  -4.5454378052E-02
   12      1.4380949446E-03  -2.1058690815E-03  -9.7770589468E-04   7.8920705328E-05   6.2139067295E-04
   13     -1.0277058420E-03  -4.8385655216E-03  -2.9748984140E-03   1.7921584227E-04   8.7468638105E-04
   14     -2.4217810109E-03  -2.1982115241E-03  -2.6179213970E-04   5.4124418091E-04   1.9461856114E-03
   15      5.0308897010E-01  -4.8456892058E-02  -8.6575753612E-02   7.9061004827E-03  -7.3628496418E-03
   16     -4.8456892058E-02   5.7523915573E-01  -2.9448229711E-03  -3.5235043131E-03  -7.5960938490E-04
   17     -8.6575753612E-02  -2.9448229711E-03   4.9390790414E-01  -1.4457051345E-02   1.3492023413E-02
   18      7.9061004827E-03  -3.5235043131E-03  -1.4457051345E-02   1.0115200118E-01  -2.3755760480E-02
   19     -7.3628496418E-03  -7.5960938490E-04   1.3492023413E-02  -2.3755760480E-02   6.3310045699E-02
   20      1.1071374937E-02  -3.1169274861E-03  -1.9010651409E-02  -1.0704043707E-01   4.7609331552E-02
   21     -1.1557819647E-02  -6.5259101792E-03   7.8640726319E-04  -1.4480635986E-02  -5.5309485195E-03
   22      1.3431047806E-02   5.3163499703E-03   4.1143809605E-04   6.4625670052E-03   1.9738147417E-03
   23     -2.3569460851E-02  -1.1251052045E-02  -3.1246356435E-03   2.7597928919E-02   1.0454014256E-02
   24     -1.0191723322E-01  -4.5737292491E-02  -2.2429986837E-02   1.3460508149E-03   1.6962106409E-03
   25     -5.5139897263E-02  -1.3451083038E-01  -2.3915653544E-02  -3.1010154595E-04  -9.9495260633E-04
   26     -2.3361892738E-02  -2.1006235821E-02  -8.4877080724E-02  -3.6044046783E-04  -3.7573067335E-04
   27     -1.2841969008E-01   1.1790552519E-01   4.0286388199E-02   1.8178238943E-03  -1.0358076398E-03
   28      1.1514255767E-01  -2.1824621150E-01  -5.9615504909E-02  -6.4320285565E-04  -6.6498518133E-05
   29      4.0054792305E-02  -6.2535361130E-02  -6.8314298411E-02   6.6406611421E-04  -4.3292890796E-04
   30     -1.4862361228E-01  -4.1266206143E-02   1.2348879637E-01  -6.3284926361E-04   1.9550989509E-03
   31     -4.1284509250E-02  -6.7817386934E-02   5.2812706317E-02   4.8356016822E-04  -3.9231442586E-04
   32      1.1947734651E-01   4.9804970506E-02  -1.8561356292E-01  -2.6240865832E-03   2.9036505275E-03
   33     -1.9611093764E-02  -3.9447134631E-03   1.4571245713E-02  -2.4607660518E-04  -7.9122231219E-04
   34     -1.9329147538E-02  -2.3747037622E-03   8.8362377477E-03  -3.6975177016E-05  -6.9873590975E-05
   35      1.4973202411E-04   1.9407944914E-03  -2.7804568149E-03   4.0062976244E-04   3.6894300828E-04
   36     -6.8475419740E-03   1.4136003302E-03  -1.6205979124E-02  -7.3826846697E-04   2.0610631314E-05
   37     -6.1583756375E-03   3.9174544108E-03  -2.4055938537E-02  -3.2729965435E-04   5.1502766959E-04
   38     -6.3048657892E-04   2.2658169909E-03  -4.9577976481E-03   1.4545957283E-04   4.4986355069E-05
   39      5.8134035492E-03   2.3548421170E-03  -2.1994120226E-03   4.3854674480E-04   8.9798242198E-04
   40     -7.1104875755E-04  -5.1168685151E-04   1.7085185619E-04  -1.0299849857E-04   7.1083251977E-04
   41     -4.8966871895E-03  -1.4330801101E-03   2.2143944798E-03   7.2998626097E-04   7.3885054290E-05
   42      5.3352330228E-03   8.1312177076E-03   2.3366965392E-03  -8.6243575672E-04   1.7632407263E-03
   43      6.3010919565E-03   3.6698214910E-03   2.9039119366E-03   8.5752358043E-05   1.4083971422E-03
   44      1.1296623920E-02   5.5010170489E-03   4.4510267880E-03   7.2254109454E-04   1.3852115306E-03
                   20                 21                 22                 23                 24        
    0      1.1443556561E-03   1.9222206924E-04  -2.3925571339E-04  -4.4121302900E-04  -1.0006875826E-01
    1     -6.7122636109E-04   5.6629595191E-04  -5.5177665937E-03  -1.4226969507E-04   4.3143875148E-02
    2      1.3463875846E-03   5.2806064192E-04  -4.9057163696E-04   8.1964446343E-04  -3.1429865091E-02
    3      5.1040023391E-04   2.9495299047E-03  -3.2451388564E-02  -5.8319250903E-03  -1.2910502047E-02
    4     -3.8345552370E-03   8.0761723467E-04  -9.3065666916E-03  -3.3678945536E-03   1.6639613633E-02
    5     -3.9884729716E-03  -1.0490490495E-03  -1.1673317914E-03  -2.1720650029E-03  -1.4750194623E-02
    6     -2.3561293060E-04  -4.5548854374E-05   9.9577669818E-04  -3.6784044492E-06   9.1215661422E-03
    7     -1.4226959634E-04  -9.5558234357E-05  -5.4010068819E-04  -2.8518981042E-04  -1.0289586316E-02
    8      5.3307190065E-04   1.5216877010E-05  -3.4567415061E-03  -4.5305315858E-04   5.0103122736E-03
    9      9.8691378031E-02  -2.7651913296E-01  -8.8011332688E-02  -4.9008372221E-03  -1.9445293343E-02
   10     -4.0904615975E-02  -8.8866293945E-02  -8.3371530450E-02  -8.7578231752E-04  -4.3959252426E-03
   11     -2.4059287553E-01  -6.7941518388E-03  -2.1013416036E-03  -4.5102930736E-02  -7.7185351407E-03
   12     -5.2811751905E-04   3.7377514633E-04   1.2021032190E-03   3.0427582487E-04   3.2716363281E-03
   13     -1.3837223523E-04   6.4078393986E-05   1.3353076968E-03   7.5449798162E-04  -2.9171352405E-04
   14      7.6856887359E-04   9.1809497055E-04   1.1284553903E-03   7.7600635441E-04  -5.4516887186E-03
   15      1.1071374937E-02  -1.1557819647E-02   1.3431047806E-02  -2.3569460851E-02  -1.0191723322E-01
   16     -3.1169274861E-03  -6.5259101792E-03   5.3163499703E-03  -1.1251052045E-02  -4.5737292491E-02
   17     -1.9010651409E-02   7.8640726319E-04   4.1143809605E-04  -3.1246356435E-03  -2.2429986837E-02
   18     -1.0704043707E-01  -1.4480635986E-02   6.4625670052E-03   2.7597928919E-02   1.3460508149E-03
   19      4.7609331552E-02  -5.5309485195E-03   1.9738147417E-03   1.0454014256E-02   1.6962106409E-03
   20      2.6696082710E-01   6.2983139189E-04   8.7648681842E-04   6.6740552399E-04   6.1556877620E-04
   21      6.2983139189E-04   2.9992502072E-01   9.7838409119E-02   8.6517076420E-03  -7.0212700984E-04
   22      8.7648681842E-04   9.7838409119E-02   8.8410667294E-02   2.6426329465E-03   8.3580524694E-04
   23      6.6740552399E-04   8.6517076420E-03   2.6426329465E-03   5.1320279040E-02  -2.3731883142E-03
   24      6.1556877620E-04  -7.0212700984E-04   8.3580524694E-04  -2.3731883142E-03   4.0467328442E-01
   25      8.7149508558E-07   1.4051453849E-03  -2.3153348891E-03   1.6721753669E-03  -4.3697971659E-03
   26     -8.0784312170E-04  -1.2513859896E-03   2.2321021498E-03  -3.1523225960E-03   9.1951671256E-02
   27      3.7062656948E-04  -8.3424195836E-04   4.2091473986E-04  -9.1305854024E-04   1.1019731929E-02
   28     -8.0022075266E-05   1.7394006910E-04  -5.1486315310E-04   1.5879947075E-04   1.2638836119E-02
   29      1.5943407279E-03  -1.3602947401E-03   1.8333373871E-04  -1.1429616630E-03   6.4893954175E-03
   30     -2.8584455033E-03   2.5096582105E-03  -8.8665821823E-04   2.2219221671E-04  -1.3204329327E-02
   31      1.1341887518E-03  -9.1815898927E-04   1.0155914185E-03  -5.4761823711E-04  -1.5180684167E-02
   32     -2.7597019784E-03  -2.3566726262E-04  -7.6694259189E-04   1.2146310435E-03  -7.0172587239E-03
   33     -6.4612643057E-04  -4.8561080915E-05  -4.7494408060E-04  -8.9901894234E-04  -6.8652582698E-02
   34     -1.9977223718E-05  -3.2235570675E-04   6.8763547831E-05  -3.2069700596E-04   8.7647894457E-03
   35      2.2077405944E-04  -2.1959721354E-04   2.8168712505E-04  -5.9453708702E-05  -6.2263666962E-03
   36     -7.3786695105E-04  -4.8115601261E-04   3.1558130652E-05  -5.8860686176E-04  -4.5296226415E-02
   37     -2.9715290492E-04  -3.4304393243E-04   5.6284346805E-04  -6.6925364530E-04   7.8219301351E-04
   38      1.0359100160E-05  -4.0890051109E-05   8.7730976253E-05  -2.3695499907E-04  -6.3617763598E-02
   39      6.4762561732E-04  -9.7221695503E-05   3.2760269478E-05   3.3133854709E-04  -6.7819674542E-02
   40      8.9870242689E-04  -2.9530159200E-05   3.6735415258E-04   6.9818073158E-05   1.5056863175E-03
   41     -7.3812336458E-05   1.3721717959E-04  -2.5153152706E-04  -5.6851773463E-05   5.9189302651E-02
   42     -2.8546611053E-03  -1.1837608448E-03   1.6942869245E-03   4.9410416377E-04   5.8445723199E-04
   43     -2.3626167367E-03   8.9466361680E-04   2.5154701763E-03   1.0248977512E-04  -7.9954534331E-03
   44     -4.8683775246E-03   1.2039401211E-03   1.9959228558E-03   7.0326285593E-04  -2.2760829676E-03
                   25                 26                 27                 28                 29        
    0      6.0804074066E-02  -3.1014273928E-02  -2.3752200800E-03  -2.8220558686E-03  -1.8697269814E-03
    1     -1.7181571592E-01   2.9889133397E-02  -2.8682621904E-03  -3.6284730493E-03  -4.9543406819E-04
    2      3.7734303548E-02  -8.9267251246E-02  -1.7205503882E-03  -2.0887871505E-03  -5.9877586874E-04
    3      9.0411196050E-03  -2.4085364191E-02  -1.4502852591E-03   2.8676639355E-04  -3.3208691177E-03
    4      5.3096993170E-04   1.9458664777E-02  -8.8790222204E-05  -2.2393600957E-03   1.9777816356E-03
    5      4.8091174112E-03  -1.0129873899E-02  -2.0953812141E-03   2.7362837656E-04  -3.7154493021E-03
    6      1.2437291726E-02   6.5339665825E-03   6.1481683645E-04   3.5056669146E-04   1.0422316289E-04
    7     -1.2964536818E-02  -8.5697310655E-03  -6.4641233119E-04  -9.6798065716E-04  -2.6741766585E-04
    8      8.6749687351E-03   5.0328426993E-03   3.7654023748E-04  -6.4205172312E-06   1.4176597346E-04
    9     -1.7368398322E-03  -1.9702479876E-02  -7.4077882193E-03   3.1488085984E-03  -1.2536129015E-02
   10      2.4801471082E-03  -1.3340647571E-02   1.0611710197E-02  -6.4635980926E-03   2.0217202681E-02
   11     -7.2782212342E-03  -1.8084159589E-02   5.8018846416E-03  -3.7376690192E-03   6.3884912821E-03
   12     -6.1968883885E-04  -7.6240129273E-03   5.2107308579E-04  -1.6246492090E-04   2.7383302891E-04
   13     -2.2123374221E-03  -5.1115035221E-04   6.7296478483E-04  -4.6667789900E-04   1.4177332962E-03
   14     -2.4850091211E-03   4.9196926640E-03   5.6947800508E-05  -5.0191041309E-06   2.5850224659E-04
   15     -5.5139897263E-02  -2.3361892738E-02  -1.2841969008E-01   1.1514255767E-01   4.0054792305E-02
   16     -1.3451083038E-01  -2.1006235821E-02   1.1790552519E-01  -2.1824621150E-01  -6.2535361130E-02
   17     -2.3915653544E-02  -8.4877080724E-02   4.0286388199E-02  -5.9615504909E-02  -6.8314298411E-02
   18     -3.1010154595E-04  -3.6044046783E-04   1.8178238943E-03  -6.4320285565E-04   6.6406611421E-04
   19     -9.9495260633E-04  -3.7573067335E-04  -1.0358076398E-03  -6.6498518133E-05  -4.3292890796E-04
   20      8.7149508558E-07  -8.0784312170E-04   3.7062656948E-04  -8.0022075266E-05   1.5943407279E-03
   21      1.4051453849E-03  -1.2513859896E-03  -8.3424195836E-04   1.7394006910E-04  -1.3602947401E-03
   22     -2.3153348891E-03   2.2321021498E-03   4.2091473986E-04  -5.1486315310E-04   1.8333373871E-04
   23      1.6721753669E-03  -3.1523225960E-03  -9.1305854024E-04   1.5879947075E-04  -1.1429616630E-03
   24     -4.3697971659E-03   9.1951671256E-02   1.1019731929E-02   1.2638836119E-02   6.4893954175E-03
   25      4.2741227720E-01  -2.0661232152E-02  -1.6987581783E-02  -1.7430877369E-02  -6.4728414830E-03
   26     -2.0661232152E-02   5.6660253765E-01  -4.5924768353E-03  -5.3492432442E-03  -3.4565068248E-03
   27     -1.6987581783E-02  -4.5924768353E-03   1.3575231948E-01  -1.2583969789E-01  -4.2986948420E-02
   28     -1.7430877369E-02  -5.3492432442E-03  -1.2583969789E-01   2.4043110092E-01   6.4403851474E-02
   29     -6.4728414830E-03  -3.4565068248E-03  -4.2986948420E-02   6.4403851474E-02   7.1955642102E-02
   30     -7.0298128552E-03   1.2923797203E-02  -1.0152268265E-02  -5.3317101008E-03   1.2264173026E-02
   31     -8.7385867088E-03   1.8209155508E-02   1.5676657313E-02   7.3336757384E-03  -1.9142540530E-02
   32     -4.5890132411E-03   7.5941749467E-03   5.2861828854E-03   2.3292421563E-03  -6.4510317899E-03
   33     -7.0155227502E-03   3.2583915173E-02   5.1808886441E-04   3.0389862953E-04  -1.3566217640E-04
   34     -3.5919742445E-02  -4.1854957034E-03  -7.3182926968E-04   1.4737318097E-04  -1.5334879201E-04
   35      5.2180859379E-03  -4.4275186827E-02   6.1877180036E-04  -3.1460233992E-04   9.2142731585E-04
   36     -1.9462125087E-03  -5.6455668139E-02  -2.5765651322E-04  -4.9547159825E-04  -2.8952598408E-04
   37     -5.2708427928E-02   5.7652986595E-03   7.7677038723E-05  -1.2340852336E-03  -8.0291022801E-04
   38      6.2164319638E-03  -3.0251035831E-01  -1.6430072647E-04  -4.8232280628E-04  -3.7259010467E-04
   39      7.9315408581E-03   2.7264727443E-02   7.8109746891E-04   1.3985813581E-04   4.9613778289E-04
   40     -9.5260650004E-04   7.7628398942E-04  -4.0284751806E-05  -4.3853421254E-04   1.7364149513E-04
   41     -7.0766742461E-03  -2.4381996745E-02  -2.9828705945E-04   3.0918095782E-05  -4.6478425558E-04
   42      5.7897256780E-03  -2.7754022301E-03  -1.2780118075E-04   4.8142974880E-03   2.9872244341E-03
   43      1.0140554742E-02  -4.1993411542E-03   1.1682902511E-03   3.7850099432E-03   9.3070291839E-04
   44      1.0020859819E-02  -3.2066680746E-03  -8.6102778744E-04   5.4816871587E-03   3.2562285721E-03
                   30                 31                 32                 33                 34        
    0      2.2790487302E-04  -1.2247706565E-03  -6.4296511559E-04  -2.1402218846E-02   2.1354260075E-02
    1      1.7070856909E-04   8.9432574098E-04   5.4752586046E-04   1.0768831980E-02  -1.5883499221E-03
    2     -2.3587412844E-04  -8.1858883886E-04   1.1911842193E-04   5.3328705810E-03  -8.7099074966E-03
    3     -1.8618647913E-04   9.8012628054E-05  -4.6529383434E-04  -6.2470573215E-03   9.2830461210E-04
    4     -3.7054517925E-04   2.6707197527E-04  -5.3876765881E-04   5.8177925433E-03  -1.6780320266E-03
    5     -3.8850736323E-04   1.4958973852E-04  -6.1336874044E-04  -1.7606286582E-03   1.1336009972E-03
    6      1.9772549417E-04   4.0029561642E-04   3.7731368805E-04  -6.2422766469E-04  -8.6768258189E-04
    7     -1.1653143404E-04  -2.4304807280E-04   2.3356000921E-05   8.6242598249E-04  -9.1064705939E-04
    8      4.3375918770E-04  -4.3615275238E-04  -1.0288335702E-04  -1.6046979163E-04   1.9629208793E-04
    9      1.1148355268E-02  -6.8154136920E-03   1.3878702781E-02  -1.6203826202E-03   2.4575612548E-04
   10      6.4501941265E-03  -3.1144059320E-03   4.9076207295E-03  -2.0216381914E-03  -5.8782896451E-04
   11     -1.5899788806E-02   8.0367701888E-03  -2.0294846468E-02  -1.6059739665E-03  -8.4627975927E-04
   12      4.3342331708E-05  -1.8571281845E-05  -3.6315502970E-04   9.7359693088E-04  -9.2210391116E-04
   13      1.3067311562E-05  -5.3871945438E-05   4.6742429891E-04   2.7009551182E-04  -1.3431566685E-04
   14      3.3812315721E-04  -1.6576985763E-04   3.5715983437E-04  -2.0339748933E-03   1.1599820118E-03
   15     -1.4862361228E-01  -4.1284509250E-02   1.1947734651E-01  -1.9611093764E-02  -1.9329147538E-02
   16     -4.1266206143E-02  -6.7817386934E-02   4.9804970506E-02  -3.9447134631E-03  -2.3747037622E-03
   17      1.2348879637E-01   5.2812706317E-02  -1.8561356292E-01   1.4571245713E-02   8.8362377477E-03
   18     -6.3284926361E-04   4.8356016822E-04  -2.6240865832E-03  -2.4607660518E-04  -3.6975177016E-05
   19      1.9550989509E-03  -3.9231442586E-04   2.9036505275E-03  -7.9122231219E-04  -6.9873590975E-05
   20     -2.8584455033E-03   1.1341887518E-03  -2.7597019784E-03  -6.4612643057E-04  -1.9977223718E-05
   21      2.5096582105E-03  -9.1815898927E-04  -2.3566726262E-04  -4.8561080915E-05  -3.2235570675E-04
   22     -8.8665821823E-04   1.0155914185E-03  -7.6694259189E-04  -4.7494408060E-04   6.8763547831E-05
   23      2.2219221671E-04  -5.4761823711E-04   1.2146310435E-03  -8.9901894234E-04  -3.2069700596E-04
   24     -1.3204329327E-02  -1.5180684167E-02  -7.0172587239E-03  -6.8652582698E-02   8.7647894457E-03
   25     -7.0298128552E-03  -8.7385867088E-03  -4.5890132411E-03  -7.0155227502E-03  -3.5919742445E-02
   26      1.2923797203E-02   1.8209155508E-02   7.5941749467E-03   3.2583915173E-02  -4.1854957034E-03
   27     -1.0152268265E-02   1.5676657313E-02   5.2861828854E-03   5.1808886441E-04  -7.3182926968E-04
   28     -5.3317101008E-03   7.3336757384E-03   2.3292421563E-03   3.0389862953E-04   1.4737318097E-04
   29      1.2264173026E-02  -1.9142540530E-02  -6.4510317899E-03  -1.3566217640E-04  -1.5334879201E-04
   30      1.6370022425E-01   5.0932018004E-02  -1.2693697063E-01  -2.0276844544E-03  -2.8108957161E-03
   31      5.0932018004E-02   7.1596238586E-02  -5.6058009055E-02  -2.6340547991E-03  -2.8090728751E-03
   32     -1.2693697063E-01  -5.6058009055E-02   2.0293600139E-01  -3.1720043718E-03  -1.4236427316E-03
   33     -2.0276844544E-03  -2.6340547991E-03  -3.1720043718E-03   7.9392852475E-02  -5.6780891604E-03
   34     -2.8108957161E-03  -2.8090728751E-03  -1.4236427316E-03  -5.6780891604E-03   5.0854745428E-02
   35      3.4420806310E-04   3.0299001972E-04   2.2071845388E-03   3.8212081328E-03  -1.2938361696E-03
   36      1.0314585386E-03   5.6417796344E-05  -7.3484693485E-04  -7.9207882437E-03  -2.2409390901E-03
   37      3.4478901042E-04   1.2883667210E-03   3.4563105602E-04  -1.1038347133E-03   1.0194691609E-03
   38     -2.4959179229E-05  -7.3243285632E-05   1.6278437782E-03   1.2660824897E-03   6.3534288200E-04
   39      6.0209088964E-04   6.4318275713E-04   1.3203411747E-03   4.9039598095E-02   4.9472050521E-03
   40     -3.4341672501E-04   6.5167153561E-05  -2.3025352017E-04  -2.9801738600E-03  -6.3658069288E-03
   41     -5.4037669422E-04  -3.2138534523E-04  -9.0637189864E-04  -4.6091385032E-02  -1.8329968174E-03
   42     -4.6338297844E-03   6.7450762392E-04   2.2947632551E-03  -1.5234630672E-03  -2.3638276051E-03
   43     -2.5985886729E-03   7.0824956035E-04  -4.9576796443E-05   7.6846791289E-03   3.4802192415E-04
   44     -3.5725287280E-03  -7.5530816245E-04   6.8565319773E-04  -1.3880190046E-03   6.3886113288E-03
                   35                 36                 37                 38                 39        
    0     -2.2843340006E-03  -5.2308504311E-03   4.2317786354E-03  -3.5753012241E-05   3.9382295406E-03
    1     -4.0480717640E-03  -4.9265520823E-04   3.9134938278E-03  -1.1141122346E-03  -3.3894256361E-03
    2      1.6258199145E-03  -1.5374339211E-02   2.8053382916E-02  -4.0629243981E-03   1.5050035871E-03
    3      4.1106879926E-03  -9.1511121874E-04   2.0639084627E-03   2.6312183500E-04   2.2815375661E-03
    4     -2.0010807056E-03   2.0822168817E-03  -5.4578903580E-03   1.1123115523E-03  -1.8405641930E-03
    5      2.5974227529E-03  -1.8997906514E-03   9.4043492565E-04   4.3677068127E-04   1.4127880479E-03
    6      4.9738065299E-04  -9.5196984295E-05  -1.0056225828E-04  -2.2610413794E-04   6.7220293552E-04
    7     -7.0281424045E-04  -1.4875174489E-03  -6.4075518008E-04  -3.6442142496E-04  -8.3083645243E-05
    8     -8.6286468071E-05   7.1033622270E-04  -1.0215102286E-03   5.3497091091E-04   4.2332309151E-04
    9      1.3070153206E-03  -1.1036026891E-03  -2.3993000558E-03   5.8373455671E-05   1.2981139846E-03
   10      1.6457627832E-03  -2.9853921294E-03  -4.3410069262E-03  -5.4475528844E-04   1.1461316351E-03
   11      1.9898892775E-03  -3.8442649109E-03  -1.2835316961E-03   1.0271743674E-03   1.5145107637E-03
   12      2.7697911067E-04  -2.0800213867E-03   2.2374827409E-03  -1.5058839321E-04   1.2105631407E-03
   13     -1.1345933191E-04  -1.9736636232E-04   1.8388518948E-04  -4.1768660703E-04   1.6265842115E-03
   14      2.9078243422E-05  -7.8244612486E-04  -1.5637767437E-04   4.5131957636E-04   8.7196324109E-04
   15      1.4973202411E-04  -6.8475419740E-03  -6.1583756375E-03  -6.3048657892E-04   5.8134035492E-03
   16      1.9407944914E-03   1.4136003302E-03   3.9174544108E-03   2.2658169909E-03   2.3548421170E-03
   17     -2.7804568149E-03  -1.6205979124E-02  -2.4055938537E-02  -4.9577976481E-03  -2.1994120226E-03
   18      4.0062976244E-04  -7.3826846697E-04  -3.2729965435E-04   1.4545957283E-04   4.3854674480E-04
   19      3.6894300828E-04   2.0610631314E-05   5.1502766959E-04   4.4986355069E-05   8.9798242198E-04
   20      2.2077405944E-04  -7.3786695105E-04  -2.9715290492E-04   1.0359100160E-05   6.4762561732E-04
   21     -2.1959721354E-04  -4.8115601261E-04  -3.4304393243E-04  -4.0890051109E-05  -9.7221695503E-05
   22      2.8168712505E-04   3.1558130652E-05   5.6284346805E-04   8.7730976253E-05   3.2760269478E-05
   23     -5.9453708702E-05  -5.8860686176E-04  -6.6925364530E-04  -2.3695499907E-04   3.3133854709E-04
   24     -6.2263666962E-03  -4.5296226415E-02   7.8219301351E-04  -6.3617763598E-02  -6.7819674542E-02
   25      5.2180859379E-03  -1.9462125087E-03  -5.2708427928E-02   6.2164319638E-03   7.9315408581E-03
   26     -4.4275186827E-02  -5.6455668139E-02   5.7652986595E-03  -3.0251035831E-01   2.7264727443E-02
   27      6.1877180036E-04  -2.5765651322E-04   7.7677038723E-05  -1.6430072647E-04   7.8109746891E-04
   28     -3.1460233992E-04  -4.9547159825E-04  -1.2340852336E-03  -4.8232280628E-04   1.3985813581E-04
   29      9.2142731585E-04  -2.8952598408E-04  -8.0291022801E-04  -3.7259010467E-04   4.9613778289E-04
   30      3.4420806310E-04   1.0314585386E-03   3.4478901042E-04  -2.4959179229E-05   6.0209088964E-04
   31      3.0299001972E-04   5.6417796344E-05   1.2883667210E-03  -7.3243285632E-05   6.4318275713E-04
   32      2.2071845388E-03  -7.3484693485E-04   3.4563105602E-04   1.6278437782E-03   1.3203411747E-03
   33      3.8212081328E-03  -7.9207882437E-03  -1.1038347133E-03   1.2660824897E-03   4.9039598095E-02
   34     -1.2938361696E-03  -2.2409390901E-03   1.0194691609E-03   6.3534288200E-04   4.9472050521E-03
   35      3.4113014902E-02   3.1356108558E-02  -1.3714593179E-03  -1.6923572550E-02  -4.1390887531E-02
   36      3.1356108558E-02   5.9809256905E-02   1.8565876565E-04   6.4978068007E-02   7.3443912044E-03
   37     -1.3714593179E-03   1.8565876565E-04   5.0262524154E-02  -7.7390315594E-03  -4.8618769007E-04
   38     -1.6923572550E-02   6.4978068007E-02  -7.7390315594E-03   3.2217587833E-01  -5.2983198737E-04
   39     -4.1390887531E-02   7.3443912044E-03  -4.8618769007E-04  -5.2983198737E-04   1.1420451730E-01
   40      4.5267605787E-03  -4.2780396504E-04   1.1330010502E-04   1.8075701603E-04  -1.6541490962E-01
   41      2.7408857644E-02  -5.3905576725E-03   9.3946568692E-05   1.4279278546E-03   1.2971538885E-01
   42      7.5564052016E-03   2.7813136874E-03   2.8722950705E-03  -5.5858394870E-04  -1.1970739618E-01
   43     -4.0035854307E-03   4.6061169790E-03   2.6058009196E-03  -2.6135061375E-04   1.4918886066E-01
   44     -6.9885122801E-03   4.5275360308E-03   2.6520177494E-03   1.3719534118E-03  -1.2061467007E-01
                   40                 41                 42                 43                 44        
    0      1.4029224086E-03  -4.0790403161E-03   5.1645058671E-03  -7.5185457278E-04   2.3930330849E-03
    1     -4.0246387725E-04   3.2204211721E-03   2.2059604424E-03  -2.0969687182E-03  -4.1433869814E-04
    2     -6.2062828677E-04   3.1840240115E-04   1.2467601553E-04  -3.6936348948E-03   9.1253504609E-04
    3     -2.5426150328E-04  -1.7910212004E-03  -1.6021659201E-03  -1.5729504818E-03  -2.9105067690E-03
    4      4.0087659841E-04   2.1370338596E-03  -1.8101628508E-03   5.1016899622E-04  -1.9270440233E-03
    5     -1.1899897109E-03  -5.8483870758E-04  -4.0632235896E-03   2.3502526387E-03  -4.1482972556E-03
    6     -4.9631278799E-05  -3.0027936808E-04  -4.6276953876E-03  -2.6353518603E-03  -1.2411372697E-03
    7      1.5515404571E-04   1.7093111999E-04   6.2866586940E-03   8.2970083241E-03   5.3347979255E-03
    8     -3.4036935703E-04   3.4032101245E-04   5.0004610091E-04   1.4204065777E-04  -2.0277310229E-03
    9      2.6007646385E-04  -1.6155525503E-04  -1.4609222577E-03  -1.6497530844E-03  -3.2899082981E-03
   10      4.1961503578E-04  -1.2058671292E-03   6.5066972773E-03   6.4115838228E-03   8.1366224371E-03
   11     -7.1373156048E-04  -1.1147954770E-03  -1.7691817501E-03  -1.6367634019E-03   1.0224564319E-04
   12     -1.1516951365E-03   1.7467672625E-04   3.7281349539E-04  -2.3007174676E-03  -1.0329744592E-03
   13     -5.3181025224E-04  -3.9957099779E-05  -2.4409627683E-04  -2.9064232395E-03  -2.6143385685E-03
