
$orca_hessian_file

$act_atom
  0

$act_coord
  0

$act_energy
      -40.445565

$multiplicity
  1

$hessian
15
                    0                  1                  2                  3                  4        
    0      5.5222376840E-01   1.6279900500E-06  -5.4818420500E-06  -3.0179872107E-01  -7.0455351304E-02
    1      1.6279900500E-06   5.5222617141E-01  -2.1024280500E-06  -7.0446222113E-02  -6.5345112421E-02
    2     -5.4818420500E-06  -2.1024280500E-06   5.5221658874E-01   1.6678833747E-02   4.5984141482E-03
    3     -3.0179872107E-01  -7.0446222113E-02   1.6678833747E-02   3.2641081374E-01   7.7346814418E-02
    4     -7.0455351304E-02  -6.5345112421E-02   4.5984141482E-03   7.7346814418E-02   6.6820215405E-02
    5      1.6687208844E-02   4.5935641485E-03  -4.7033894069E-02  -1.8314978154E-02  -5.0456033059E-03
    6     -1.1113001002E-01   8.6617983665E-02   7.9131581415E-02  -1.3412534431E-02   2.1750862483E-02
    7      8.6615293357E-02  -1.6103377925E-01  -1.0514324992E-01  -4.7675880584E-03   6.3902394451E-03
    8      7.9128181131E-02  -1.0514458977E-01  -1.4200468673E-01  -3.5193022507E-04   1.1504415417E-04
    9     -9.2078826979E-02   1.1013563130E-03  -1.0304948010E-01  -1.1071627210E-02   1.3889593455E-03
   10      1.1068739619E-03  -4.5974075026E-02   2.4613187920E-03  -2.7796040759E-03  -1.3482218495E-03
   11     -1.0304562065E-01   2.4645532904E-03  -2.7611360117E-01   2.1694588084E-03  -1.4578253897E-04
   12     -4.7216210327E-02  -1.7270165548E-02   7.2451833069E-03  -1.2793102911E-04  -3.0032163400E-02
   13     -1.7273024312E-02  -2.7987320471E-01   9.8084924256E-02   6.4747828774E-04  -6.5171205801E-03
   14      7.2350759902E-03   9.8089269911E-02  -8.7064406769E-02  -1.8617186714E-04   4.7934555427E-04
                    5                  6                  7                  8                  9        
    0      1.6687208844E-02  -1.1113001002E-01   8.6615293357E-02   7.9128181131E-02  -9.2078826979E-02
    1      4.5935641485E-03   8.6617983665E-02  -1.6103377925E-01  -1.0514458977E-01   1.1013563130E-03
    2     -4.7033894069E-02   7.9131581415E-02  -1.0514324992E-01  -1.4200468673E-01  -1.0304948010E-01
    3     -1.8314978154E-02  -1.3412534431E-02  -4.7675880584E-03  -3.5193022507E-04  -1.1071627210E-02
    4     -5.0456033059E-03   2.1750862483E-02   6.3902394451E-03   1.1504415417E-04   1.3889593455E-03
    5      4.6713922682E-02   1.8640204167E-02   7.0721617523E-03  -1.5642791223E-03  -2.9795589344E-02
    6      1.8640204167E-02   1.1708358157E-01  -9.5092113894E-02  -8.6873404080E-02   7.0099602720E-03
    7      7.0721617523E-03  -9.5092113894E-02   1.7187079502E-01   1.1543586188E-01  -1.5302422322E-03
    8     -1.5642791223E-03  -8.6873404080E-02   1.1543586188E-01   1.5097945073E-01   1.6057696001E-02
    9     -2.9795589344E-02   7.0099602720E-03  -1.5302422322E-03   1.6057696001E-02   9.6169964067E-02
   10     -8.6757230361E-03  -1.0687136274E-02   2.4728599926E-04  -1.9302806925E-02  -1.2080202969E-03
   11      3.8337270314E-03  -8.1422764287E-03   1.7374891336E-03  -1.5846303239E-02   1.1313501659E-01
   12      1.2787942177E-02   4.4900260415E-04   1.4773772604E-02  -7.9627055093E-03  -2.9470150279E-05
   13      2.0541824294E-03  -2.5887177569E-03  -1.7474541219E-02   8.8956541100E-03   2.4495016542E-04
   14     -1.9494765221E-03  -2.7539423913E-03  -1.9101426299E-02   8.4358183613E-03   3.6533173416E-03
                   10                 11                 12                 13                 14        
    0      1.1068739619E-03  -1.0304562065E-01  -4.7216210327E-02  -1.7273024312E-02   7.2350759902E-03
    1     -4.5974075026E-02   2.4645532904E-03  -1.7270165548E-02  -2.7987320471E-01   9.8089269911E-02
    2      2.4613187920E-03  -2.7611360117E-01   7.2451833069E-03   9.8084924256E-02  -8.7064406769E-02
    3     -2.7796040759E-03   2.1694588084E-03  -1.2793102911E-04   6.4747828774E-04  -1.8617186714E-04
    4     -1.3482218495E-03  -1.4578253897E-04  -3.0032163400E-02  -6.5171205801E-03   4.7934555427E-04
    5     -8.6757230361E-03   3.8337270314E-03   1.2787942177E-02   2.0541824294E-03  -1.9494765221E-03
    6     -1.0687136274E-02  -8.1422764287E-03   4.4900260415E-04  -2.5887177569E-03  -2.7539423913E-03
    7      2.4728599926E-04   1.7374891336E-03   1.4773772604E-02  -1.7474541219E-02  -1.9101426299E-02
    8     -1.9302806925E-02  -1.5846303239E-02  -7.9627055093E-03   8.8956541100E-03   8.4358183613E-03
    9     -1.2080202969E-03   1.1313501659E-01  -2.9470150279E-05   2.4495016542E-04   3.6533173416E-03
   10      4.5546215971E-02  -2.7009224873E-03   1.3570883390E-02   1.5287949050E-03   2.8217390891E-02
   11     -2.7009224873E-03   2.9821542497E-01  -4.1175388163E-03  -1.3545946323E-03  -1.0089247588E-02
   12      1.3570883390E-02  -4.1175388163E-03   4.6924608902E-02   1.8963493285E-02  -7.9505801158E-03
   13      1.5287949050E-03  -1.3545946323E-03   1.8963493285E-02   3.0233607160E-01  -1.0768237311E-01
   14      2.8217390891E-02  -1.0089247588E-02  -7.9505801158E-03  -1.0768237311E-01   9.0667312518E-02

$vibrational_frequencies
15
    0        0.0000000000000000
    1        0.0000000000000000
    2        0.0000000000000000
    3        0.0000000000000000
    4        0.0000000000000000
    5        0.0000000000000000
    6     1352.2250221592735215
    7     1352.2390957802333560
    8     1352.2691022887236159
    9     1573.9941883400010738
   10     1574.0180672339931789
   11     3047.0911993819104282
   12     3164.8859589067278648
   13     3164.9044233993822672
   14     3164.9385305912755939

$normal_modes
15 15
                    0                  1                  2                  3                  4        
    0      0.0000000000E+00   0.0000000000E+00   0.0000000000E+00   0.0000000000E+00   0.0000000000E+00
    1      0.0000000000E+00   0.0000000000E+00   0.0000000000E+00   0.0000000000E+00   0.0000000000E+00
    2      0.0000000000E+00   0.0000000000E+00   0.0000000000E+00   0.0000000000E+00   0.0000000000E+00
    3      0.0000000000E+00   0.0000000000E+00   0.0000000000E+00   0.0000000000E+00   0.0000000000E+00
    4      0.0000000000E+00   0.0000000000E+00   0.0000000000E+00   0.0000000000E+00   0.0000000000E+00
    5      0.0000000000E+00   0.0000000000E+00   0.0000000000E+00   0.0000000000E+00   0.0000000000E+00
    6      0.0000000000E+00   0.0000000000E+00   0.0000000000E+00   0.0000000000E+00   0.0000000000E+00
    7      0.0000000000E+00   0.0000000000E+00   0.0000000000E+00   0.0000000000E+00   0.0000000000E+00
    8      0.0000000000E+00   0.0000000000E+00   0.0000000000E+00   0.0000000000E+00   0.0000000000E+00
    9      0.0000000000E+00   0.0000000000E+00   0.0000000000E+00   0.0000000000E+00   0.0000000000E+00
   10      0.0000000000E+00   0.0000000000E+00   0.0000000000E+00   0.0000000000E+00   0.0000000000E+00
   11      0.0000000000E+00   0.0000000000E+00   0.0000000000E+00   0.0000000000E+00   0.0000000000E+00
   12      0.0000000000E+00   0.0000000000E+00   0.0000000000E+00   0.0000000000E+00   0.0000000000E+00
   13      0.0000000000E+00   0.0000000000E+00   0.0000000000E+00   0.0000000000E+00   0.0000000000E+00
   14      0.0000000000E+00   0.0000000000E+00   0.0000000000E+00   0.0000000000E+00   0.0000000000E+00
                    5                  6                  7                  8                  9        
    0      0.0000000000E+00   6.3507448444E-02  -1.0022032977E-01  -3.9372118542E-02   4.5914421700E-06
    1      0.0000000000E+00  -5.2132695643E-02  -6.8612063803E-02   9.0563692955E-02   1.0998932125E-07
    2      0.0000000000E+00  -9.4214697072E-02  -2.9590021687E-02  -7.6652142573E-02   3.4334081748E-06
    3      0.0000000000E+00  -2.2186853920E-02  -1.1908142621E-01   1.4167208140E-01  -2.5122854668E-02
    4      0.0000000000E+00   3.3034167542E-01   1.6546855087E-01  -4.5102486897E-01  -2.6877855989E-02
    5      0.0000000000E+00   4.3675339882E-01   1.8231894002E-01   3.7359088457E-01  -4.9866272924E-01
    6      0.0000000000E+00   1.7315112935E-02   5.1961048944E-01   1.0284195949E-01  -1.8874786409E-01
    7      0.0000000000E+00  -1.7889624971E-01   2.8474134549E-01  -3.2149068465E-01  -3.8159303000E-01
    8      0.0000000000E+00   6.1709152612E-02   1.0023407471E-01   4.7662678302E-01   2.6221194320E-01
    9      0.0000000000E+00  -4.4218804046E-01   3.3146260716E-01  -7.2463181363E-03   4.1132020684E-01
   10      0.0000000000E+00   2.5518964975E-01   3.3522751290E-01  -4.3297104218E-01   2.1853122312E-01
   11      0.0000000000E+00   1.5316755575E-01  -1.9853675636E-01  -7.0795390247E-02  -1.8181030989E-01
   12      0.0000000000E+00  -3.0967430909E-01   4.6220116772E-01   2.3187763023E-01  -1.9750419822E-01
   13      0.0000000000E+00   2.1456116202E-01   3.2121616864E-02   1.2635909970E-01   1.8993835227E-01
   14      0.0000000000E+00   4.7100156596E-01   2.6856881156E-01   1.3393971119E-01   4.1822018455E-01
                   10                 11                 12                 13                 14        
    0      9.7518350758E-06  -1.8839860654E-05   2.5653324765E-02  -2.9742182855E-02   8.3148649235E-02
    1     -2.9575227492E-06  -1.5914844419E-05   8.7153126668E-02  -5.4424239912E-03  -2.8833613553E-02
    2      5.0890897809E-06   1.0715443313E-05  -1.4246920344E-02  -8.6844967260E-02  -2.6670523081E-02
    3     -1.3382895153E-01  -4.8090071028E-01  -4.4364196152E-01   2.2063742814E-01  -6.6522761469E-01
    4      4.8139409876E-01  -1.3242027658E-01  -1.0470825180E-01   6.1357119418E-02  -1.9445630825E-01
    5     -1.9235378201E-02   3.1355351347E-02   2.6187921705E-02  -3.3735941448E-02   3.8748252270E-02
    6      3.9418692024E-01   2.4285700090E-01   1.7047129818E-01  -1.9404521714E-01  -3.2987172992E-01
    7      1.6088720552E-02  -3.2272020811E-01  -2.0010148130E-01   2.4804623953E-01   4.5610547498E-01
    8      3.0710477638E-01  -2.9484268864E-01  -2.0325964637E-01   2.0877070503E-01   4.1660952584E-01
    9      1.9764968273E-01   2.0428314793E-01   1.8853454431E-02   3.5154444274E-01  -2.0714578294E-02
   10     -4.4968116067E-01  -4.8745435512E-03   1.8663540409E-02  -9.7517100707E-03  -5.3519382871E-03
   11     -9.3296861372E-02   4.5631679054E-01   2.6527315148E-02   7.8075281657E-01  -9.2517770289E-02
   12     -4.5812385113E-01   3.3985051096E-02  -5.1359461488E-02  -2.3738480859E-02   2.5041674929E-02
   13     -4.7766417772E-02   4.6020466435E-01  -7.5234210534E-01  -2.3480149554E-01   8.7274728286E-02
   14     -1.9463317675E-01  -1.9295713499E-01   3.2030607644E-01   7.9028790650E-02  -4.5042733288E-02

#
# The atoms: label  mass x y z (in bohrs)
#
$atoms
5
 C     12.01100     -3.251970379923     5.377626335017    -3.084815326645
 H      1.00800     -1.271958529335     5.922803761032    -3.213904222001
 H      1.00800     -4.251383781759     6.705624223471    -1.871580166129
 H      1.00800     -4.092781503839     5.397740465165    -4.962842220276
 H      1.00800     -3.391763306644     3.484324689905    -2.290961507011

$actual_temperature
  0.000000

$frequency_scale_factor
  1.000000

$dipole_derivatives
15
    1.2187151112E-02    1.5573392817E-05   -7.1667610629E-07
    7.4207650864E-06    1.2198726741E-02    9.7675784034E-07
   -1.1911309788E-05   -2.0290370672E-06    1.2216426924E-02
   -1.2088553026E-01   -5.0662254470E-02    1.2002587412E-02
   -5.0682326145E-02    4.9286983634E-02    3.3028193529E-03
    1.2021663632E-02    3.3044315317E-03    6.2468646769E-02
    1.6346365273E-02    6.2336616615E-02    5.6977119939E-02
    6.2340377916E-02   -1.9581821457E-02   -7.5718102842E-02
    5.6981772683E-02   -7.5715615074E-02   -5.8652215808E-03
    3.0152709875E-02    7.9895890654E-04   -7.4190072684E-02
    8.0350025052E-04    6.3234032556E-02    1.7987106952E-03
   -7.4141904105E-02    1.8026778234E-03   -1.0238225441E-01
    6.2199304003E-02   -1.2488894445E-02    5.2110820097E-03
   -1.2468972787E-02   -1.0513792147E-01    7.0615596036E-02
    5.1503791001E-03    7.0610534756E-02    3.3562402295E-02

#
# The IR spectrum
#  wavenumber eps Int TX TY TZ
#
$ir_spectrum
15
      0.00   0.00000000   0.00000000     0.000000     0.000000     0.000000
      0.00   0.00000000   0.00000000     0.000000     0.000000     0.000000
      0.00   0.00000000   0.00000000     0.000000     0.000000     0.000000
      0.00   0.00000000   0.00000000     0.000000     0.000000     0.000000
      0.00   0.00000000   0.00000000     0.000000     0.000000     0.000000
      0.00   0.00000000   0.00000000     0.000000     0.000000     0.000000
   1352.23   0.00223275  11.28342550    -0.011535     0.009469     0.017104
   1352.24   0.00223037  11.27138198     0.018191     0.012450     0.005367
   1352.27   0.00223281  11.28372453     0.007141    -0.016449     0.013918
   1573.99   0.00000000   0.00000170     0.000006     0.000000    -0.000006
   1574.02   0.00000000   0.00001143     0.000021     0.000000     0.000002
   3047.09   0.00000000   0.00000593    -0.000003    -0.000005     0.000009
   3164.89   0.00450725  22.77777455     0.005881     0.019978    -0.003270
   3164.90   0.00450526  22.76772267    -0.006808    -0.001243    -0.019908
   3164.94   0.00450679  22.77548842     0.019058    -0.006616    -0.006115


$end

