
$orca_hessian_file

$act_atom
  0

$act_coord
  0

$act_energy
      -76.346055

$multiplicity
  1

$hessian
9
                    0                  1                  2                  3                  4        
    0      3.9547284526E-01  -1.3012680727E-01  -1.0031778452E-01  -1.5658110840E-01   1.4271796024E-01
    1     -1.3012680727E-01   2.1516423724E-01  -2.6370211241E-01   1.7210639101E-01  -1.9074006274E-01
    2     -1.0031778452E-01  -2.6370211241E-01   5.3664229889E-01  -1.6798919654E-01   2.1137072857E-01
    3     -1.5658110840E-01   1.7210639101E-01  -1.6798919654E-01   1.4739456574E-01  -1.5210378725E-01
    4      1.4271796024E-01  -1.9074006274E-01   2.1137072857E-01  -1.5210378725E-01   1.9598060510E-01
    5     -1.1735568119E-01   1.8726736325E-01  -2.2629168347E-01   1.4105614009E-01  -2.1270437836E-01
    6     -2.3889173686E-01  -4.1970820621E-02   2.6828665763E-01   9.1865426621E-03   9.3760706688E-03
    7     -1.2599916091E-02  -2.4424174503E-02   5.2329512176E-02  -1.9992847428E-02  -5.2405423570E-03
    8      2.1769378914E-01   7.6436620818E-02  -3.1035061542E-01   2.6919176690E-02   1.3352470083E-03
                    5                  6                  7                  8        
     0     -1.1735568119E-01  -2.3889173686E-01  -1.2599916091E-02   2.1769378914E-01
     1      1.8726736325E-01  -4.1970820621E-02  -2.4424174503E-02   7.6436620818E-02
     2     -2.2629168347E-01   2.6828665763E-01   5.2329512176E-02  -3.1035061542E-01
     3      1.4105614009E-01   9.1865426621E-03  -1.9992847428E-02   2.6919176690E-02
     4     -2.1270437836E-01   9.3760706688E-03  -5.2405423570E-03   1.3352470083E-03
     5      2.5064748357E-01  -2.3686579132E-02   2.5435417887E-02  -2.4355800101E-02
     6     -2.3686579132E-02   2.2970519420E-01   3.2593756736E-02  -2.4460652216E-01
     7      2.5435417887E-02   3.2593756736E-02   2.9664716860E-02  -7.7768398945E-02
     8     -2.4355800101E-02  -2.4460652216E-01  -7.7768398945E-02   3.3470641552E-01

$vibrational_frequencies
9
    0        0.0000000000000000
    1        0.0000000000000000
    2        0.0000000000000000
    3        0.0000000000000000
    4        0.0000000000000000
    5        0.0000000000000000
    6     1654.0155311420203361
    7     3836.5044298138082013
    8     3947.7619950173489087

$normal_modes
9 9
                    0                  1                  2                  3                  4        
    0      0.0000000000E+00   0.0000000000E+00   0.0000000000E+00   0.0000000000E+00   0.0000000000E+00
    1      0.0000000000E+00   0.0000000000E+00   0.0000000000E+00   0.0000000000E+00   0.0000000000E+00
    2      0.0000000000E+00   0.0000000000E+00   0.0000000000E+00   0.0000000000E+00   0.0000000000E+00
    3      0.0000000000E+00   0.0000000000E+00   0.0000000000E+00   0.0000000000E+00   0.0000000000E+00
    4      0.0000000000E+00   0.0000000000E+00   0.0000000000E+00   0.0000000000E+00   0.0000000000E+00
    5      0.0000000000E+00   0.0000000000E+00   0.0000000000E+00   0.0000000000E+00   0.0000000000E+00
    6      0.0000000000E+00   0.0000000000E+00   0.0000000000E+00   0.0000000000E+00   0.0000000000E+00
    7      0.0000000000E+00   0.0000000000E+00   0.0000000000E+00   0.0000000000E+00   0.0000000000E+00
    8      0.0000000000E+00   0.0000000000E+00   0.0000000000E+00   0.0000000000E+00   0.0000000000E+00
                    5                  6                  7                  8        
     0      0.0000000000E+00   6.5109154956E-02   4.5745976312E-02  -6.6982591399E-03
     1      0.0000000000E+00  -2.6847225536E-02  -1.8889882258E-02  -3.2657269777E-02
     2      0.0000000000E+00  -7.1786487506E-03  -4.9974145014E-03   6.1738249734E-02
     3      0.0000000000E+00  -5.5721819367E-01  -3.0764941668E-01  -3.4512249869E-01
     4      0.0000000000E+00   1.4484369802E-02   4.2268134227E-01   4.2318166245E-01
     5      0.0000000000E+00   4.3219592220E-01  -4.7555504509E-01  -4.4567383119E-01
     6      0.0000000000E+00  -4.7619586401E-01  -4.1843180852E-01   4.5143742724E-01
     7      0.0000000000E+00   4.1163543312E-01  -1.2286068131E-01   9.5155301014E-02
     8      0.0000000000E+00  -3.1825623832E-01   5.5487412704E-01  -5.3423713855E-01

#
# The atoms: label  mass x y z (in bohrs)
#
$atoms
3
 O     15.99900     -5.160858358417     5.197310018369    -6.506224653184
 H      1.00800     -4.273425057878     4.108935104861    -5.359852844350
 H      1.00800     -4.001329245181     5.441548012214    -7.878132638737

$actual_temperature
  0.000000

$frequency_scale_factor
  1.000000

$dipole_derivatives
9
   -3.8995176419E-01   -1.1346635836E-01   -4.9853737042E-02
   -1.1354734903E-01   -5.9407160469E-01   -7.0357105874E-02
   -5.0178694094E-02   -7.1353981492E-02   -5.2650523120E-01
    2.0774789595E-01    8.8434921538E-02   -4.0061636031E-02
    8.2620594148E-02    2.7111276388E-01    5.8536223669E-02
   -3.0104512562E-02    5.3826187762E-02    2.7650973814E-01
    1.8220386824E-01    2.5031436822E-02    8.9915373073E-02
    3.0926754878E-02    3.2295884081E-01    1.1820882206E-02
    8.0283206655E-02    1.7527793730E-02    2.4999549306E-01

#
# The IR spectrum
#  wavenumber eps Int TX TY TZ
#
$ir_spectrum
9
      0.00   0.00000000   0.00000000     0.000000     0.000000     0.000000
      0.00   0.00000000   0.00000000     0.000000     0.000000     0.000000
      0.00   0.00000000   0.00000000     0.000000     0.000000     0.000000
      0.00   0.00000000   0.00000000     0.000000     0.000000     0.000000
      0.00   0.00000000   0.00000000     0.000000     0.000000     0.000000
      0.00   0.00000000   0.00000000     0.000000     0.000000     0.000000
   1654.02   0.01305923  65.99599361    -0.045670     0.018776     0.005057
   3836.50   0.00094550   4.77819416    -0.008039     0.003400     0.000844
   3947.76   0.00978577  49.45326597     0.002637     0.012899    -0.024499


$end

