
$orca_hessian_file

$act_atom
  0

$act_coord
  0

$act_energy
     -270.654187

$multiplicity
  1

$hessian
45
                    0                  1                  2                  3                  4        
    0      3.9191145555E-01   7.9318901127E-02   2.3126187920E-01  -8.2605431142E-02   2.4013124600E-03
    1      7.9318901127E-02   8.2861071904E-01   6.6907033270E-02  -2.3358855123E-03  -5.2848931302E-01
    2      2.3126187920E-01   6.6907033270E-02   3.5267155191E-01  -2.5148768025E-02   4.1743163040E-03
    3     -8.2605431142E-02  -2.3358855123E-03  -2.5148768025E-02   3.9190549463E-01  -7.9378910848E-02
    4      2.4013124600E-03  -5.2848931302E-01   4.1743163040E-03  -7.9378910848E-02   8.2862612098E-01
    5     -2.5176689816E-02  -4.1133349121E-03  -7.4585898776E-02   2.3124263982E-01  -6.6887140327E-02
    6     -1.5444555219E-01  -1.0233728440E-01  -1.0661713921E-01   5.0198191083E-03   4.0989768501E-03
    7     -9.8501667231E-02  -1.5107616490E-01  -8.7611776163E-02  -2.0613721487E-02  -8.8476587355E-03
    8     -1.0655865468E-01  -9.0973503857E-02  -1.3304177781E-01   1.8899584641E-04   3.6079352925E-03
    9     -1.3433866252E-03  -1.4138318677E-02  -1.0198414364E-02  -1.3246935066E-01  -3.5948819050E-02
   10     -2.1777357522E-02  -2.5391059356E-02  -2.3230024800E-02  -2.6875490233E-02  -9.8566517256E-02
   11     -8.4031991776E-03  -1.3600272051E-02  -1.3116097173E-03  -5.8572480934E-02  -3.3463237687E-02
   12      5.0205137019E-03  -4.0950076319E-03   6.2863456359E-04  -1.5445907113E-01   1.0229935402E-01
   13      2.0624593264E-02  -8.8554868872E-03   1.8879897720E-02   9.8481639263E-02  -1.5105404012E-01
   14      1.8865568158E-04  -3.6171864124E-03   4.5937673445E-03  -1.0660504572E-01   9.0943527564E-02
   15     -2.2877203992E-02  -1.4909071531E-02  -1.5207596377E-02  -2.2894632575E-02   1.4922830172E-02
   16     -7.4409334169E-03   2.9053243898E-03  -9.4785801635E-03   7.4746197734E-03   2.9285626280E-03
   17     -2.1986437128E-02  -1.5976769252E-02  -1.4893122344E-02  -2.1981543364E-02   1.5944186122E-02
   18     -2.7127128266E-03  -6.4268026592E-04  -2.8786262059E-03  -1.0557812658E-02  -1.5756021841E-02
   19     -9.0195992872E-04  -5.8624726983E-05  -1.5895272743E-04  -4.7599095642E-03  -7.6308983270E-03
   20     -2.6413970015E-03  -1.1982220652E-03  -2.2161383607E-03  -1.2491190196E-02  -1.8230166952E-02
   21     -1.4743826456E-03  -6.5291688120E-04  -2.1236081153E-03   1.2341334153E-02  -1.1077521016E-02
   22     -7.7756984314E-04   9.7221736912E-05  -1.2102706949E-03   2.6064631152E-03  -6.2910855323E-03
   23     -2.4541276557E-03   1.1955552184E-03  -1.5547955256E-03   7.2889743895E-03  -1.0376385129E-02
   24     -1.3249631409E-01   3.5956329712E-02  -5.8832932676E-02  -1.3609590107E-03   1.4114529172E-02
   25      2.6853285052E-02  -9.8564353984E-02   2.4784768932E-02   2.1770537755E-02  -2.5402568940E-02
   26     -5.8641683625E-02   3.3437668467E-02  -1.2550415950E-01  -8.3947768452E-03   1.3625765060E-02
   27      1.2431844971E-03  -1.3619738220E-03  -1.8066234345E-04   1.2264884327E-03   1.3702807555E-03
   28     -4.0831742949E-05  -6.8664986665E-04   3.3379527278E-05   1.4228073940E-05  -7.0185951606E-04
   29     -3.9042355923E-04  -4.3265331604E-05   2.5324031260E-04  -4.0903813556E-04   5.8221375243E-05
   30     -1.6419200743E-03  -2.3077688348E-03  -1.7396270319E-03  -1.6365888934E-03   2.3058558808E-03
   31     -1.9578734829E-03  -4.6287545485E-03  -1.0625453502E-03   1.9698980853E-03  -4.6048090947E-03
   32     -3.5263758979E-04  -4.1052284413E-04   2.2338244354E-04  -3.6008432590E-04   4.1286720303E-04
   33     -1.0553254946E-02   1.5810796049E-02   1.0215065869E-02  -2.7077531572E-03   6.3434106844E-04
   34      4.7766142684E-03  -7.6098759959E-03  -2.3403979154E-03   8.9976307823E-04  -7.1485889204E-05
   35     -1.2505696072E-02   1.8256291006E-02   1.1462282401E-02  -2.6193846812E-03   1.2177922922E-03
   36      1.2331506994E-02   1.1066313310E-02  -1.9435525313E-02  -1.4744909829E-03   6.3325484993E-04
   37     -2.6006194437E-03  -6.2739349467E-03   9.8652007460E-03   7.7641931871E-04   1.0949416978E-04
   38      7.2846550780E-03   1.0372295666E-02  -1.6054414512E-02  -2.4625655851E-03  -1.1941862172E-03
   39     -4.5625694105E-04   4.4541618369E-04   2.5901934075E-04  -4.4630308340E-04  -4.4613719450E-04
   40      2.5687492588E-04   1.6092173999E-04   5.5919835045E-04  -2.4988104506E-04   1.5624124400E-04
   41      3.7649558424E-04  -2.6369443177E-04  -5.5869354362E-05   3.9673930636E-04   2.4947917862E-04
   42      9.9754726156E-05   8.9113050977E-05   7.1513220833E-05   1.1925696707E-04  -1.4085204146E-04
   43     -1.3873036242E-04  -1.3996867826E-04  -1.4180442395E-04   1.8775698990E-04  -1.6018258707E-04
   44     -7.3951763315E-05   5.8484918016E-05   1.3561491533E-05  -8.3653485265E-05  -4.7116925449E-05
                    5                  6                  7                  8                  9        
    0     -2.5176689816E-02  -1.5444555219E-01  -9.8501667231E-02  -1.0655865468E-01  -1.3433866252E-03
    1     -4.1133349121E-03  -1.0233728440E-01  -1.5107616490E-01  -9.0973503857E-02  -1.4138318677E-02
    2     -7.4585898776E-02  -1.0661713921E-01  -8.7611776163E-02  -1.3304177781E-01  -1.0198414364E-02
    3      2.3124263982E-01   5.0198191083E-03  -2.0613721487E-02   1.8899584641E-04  -1.3246935066E-01
    4     -6.6887140327E-02   4.0989768501E-03  -8.8476587355E-03   3.6079352925E-03  -3.5948819050E-02
    5      3.5276224664E-01   6.3314336790E-04  -1.8883991600E-02   4.5988904166E-03  -5.8787758990E-02
    6      6.3314336790E-04   1.5388643852E-01   1.0928100513E-01   1.1714750331E-01   4.8899104574E-03
    7     -1.8883991600E-02   1.0928100513E-01   1.5439595507E-01   9.7784228813E-02   3.0493881819E-04
    8      4.5988904166E-03   1.1714750331E-01   9.7784228813E-02   1.2948900917E-01  -5.9673955406E-03
    9     -5.8787758990E-02   4.8899104574E-03   3.0493881819E-04  -5.9673955406E-03   4.8044690559E-01
   10     -2.4825688621E-02   1.3649411083E-03  -4.6840791629E-03   5.8427286280E-04   5.1236803507E-02
   11     -1.2547926759E-01  -5.8247531742E-03   8.6562368251E-04   6.5587022368E-03  -5.9514938817E-02
   12     -1.0666248514E-01  -2.3855279772E-03   5.7421880222E-04   3.1101034392E-03  -5.6604906225E-03
   13      8.7588826960E-02  -5.6525580082E-04   9.7406393833E-04  -5.0068390319E-04  -8.5846635314E-03
   14     -1.3308420266E-01   3.1236752512E-03   4.7440388649E-04  -2.9482789580E-03  -6.2013552427E-03
   15     -1.5224342333E-02  -2.7599920459E-04   2.4042413102E-03  -1.8933434704E-03  -1.0054141969E-01
   16      9.4385015954E-03   1.1984361356E-03  -1.6395052289E-03   9.7567142249E-04   4.9980295294E-02
   17     -1.4917192471E-02  -3.8387330192E-03   2.6528546058E-03  -1.2385489913E-03  -1.7276455473E-02
   18      1.0193985219E-02   1.1700679787E-03  -6.8862267379E-04  -9.6102270753E-04  -1.3129355198E-01
   19      2.3474006896E-03   3.1839776111E-04  -3.9355435071E-04  -5.8961365585E-04  -1.0582916932E-01
   20      1.1456950197E-02   1.1365778300E-03  -8.8401360156E-04  -1.1277226008E-03   6.0663015960E-02
   21     -1.9417518143E-02  -1.2620787972E-03  -4.6205462776E-04   1.5826349993E-03  -9.7681165439E-02
   22     -9.8638097538E-03  -8.6285738488E-04  -2.8536978464E-04   7.9292828534E-04   4.5714293149E-02
   23     -1.6050391123E-02  -1.0515191213E-03  -4.0087761288E-04   1.2188508106E-03   9.4795092134E-02
   24     -1.0213145958E-02  -5.6399178705E-03   8.5593571310E-03  -6.2312307661E-03   6.7920154637E-03
   25      2.3204787762E-02  -1.1690794121E-02   1.0438978295E-02  -1.1394650371E-02  -6.8652231902E-03
   26     -1.3384914152E-03  -4.9716253104E-03   6.8116355854E-03  -3.7433609504E-03   4.2815499061E-03
   27     -1.8394775229E-04  -7.9090747459E-04   7.3727388705E-05  -4.2188717283E-04  -2.0113568123E-02
   28     -4.3738344836E-05   1.5716429928E-04   1.9142458752E-06  -2.3060700688E-04   1.8254394578E-02
   29      2.6538510277E-04   5.6266314193E-04  -3.6294627209E-05  -2.8697947966E-05   1.0510630725E-03
   30     -1.7342798803E-03  -6.9807994268E-04   3.9569540543E-04  -5.1718328606E-04  -4.7612264380E-03
   31      1.0652814611E-03  -9.9943669252E-04   8.7797827706E-04  -5.4292793370E-04   7.9689668553E-03
   32      2.1931606232E-04  -2.0300898710E-04   1.2440457526E-04   1.6313859782E-04   1.4724007229E-03
   33     -2.8608421207E-03   3.2913935435E-04  -5.5662296433E-04  -2.0739696827E-04  -2.7319623652E-03
   34      1.3928494117E-04   5.7136129974E-05   1.9300345090E-04   3.7637998260E-04  -1.3854837012E-03
   35     -2.2212055263E-03   6.5894568815E-04  -9.5092800527E-04   3.2518943303E-04  -1.8482362976E-03
   36     -2.1026894940E-03  -2.2491988716E-04  -6.4619219747E-04   5.9100991695E-04  -3.5980610966E-04
   37      1.2126763194E-03   7.5723594368E-05  -7.1450409695E-07   1.1805609184E-04  -8.3651818729E-04
   38     -1.5779264671E-03  -5.8359708206E-04  -1.0456850806E-05  -1.6075203865E-04   6.2716176728E-04
   39      2.5435904823E-04   3.3679437302E-04  -4.9762918442E-05   4.4243529666E-05   4.9015665658E-03
   40     -5.3932277567E-04  -6.5150937479E-05   9.1992847508E-05   1.8947717195E-05  -3.1661374221E-04
   41     -6.9265445948E-05  -1.8021403750E-04   4.1411371093E-05  -4.4942741251E-05  -3.6231882026E-03
   42      5.0754114115E-05   9.0813550963E-05  -9.2645747285E-05   7.8970771438E-05  -7.4470025717E-05
   43      1.2440945224E-04  -1.2895805276E-05  -4.6839454414E-05  -1.1058425449E-06   4.9254820444E-04
   44      2.1053054950E-05   2.2734137646E-05  -1.5519566300E-06  -1.9698628298E-05   5.1076716537E-04
                   10                 11                 12                 13                 14        
    0     -2.1777357522E-02  -8.4031991776E-03   5.0205137019E-03   2.0624593264E-02   1.8865568158E-04
    1     -2.5391059356E-02  -1.3600272051E-02  -4.0950076319E-03  -8.8554868872E-03  -3.6171864124E-03
    2     -2.3230024800E-02  -1.3116097173E-03   6.2863456359E-04   1.8879897720E-02   4.5937673445E-03
    3     -2.6875490233E-02  -5.8572480934E-02  -1.5445907113E-01   9.8481639263E-02  -1.0660504572E-01
    4     -9.8566517256E-02  -3.3463237687E-02   1.0229935402E-01  -1.5105404012E-01   9.0943527564E-02
    5     -2.4825688621E-02  -1.2547926759E-01  -1.0666248514E-01   8.7588826960E-02  -1.3308420266E-01
    6      1.3649411083E-03  -5.8247531742E-03  -2.3855279772E-03  -5.6525580082E-04   3.1236752512E-03
    7     -4.6840791629E-03   8.6562368251E-04   5.7421880222E-04   9.7406393833E-04   4.7440388649E-04
    8      5.8427286280E-04   6.5587022368E-03   3.1101034392E-03  -5.0068390319E-04  -2.9482789580E-03
    9      5.1236803507E-02  -5.9514938817E-02  -5.6604906225E-03  -8.5846635314E-03  -6.2013552427E-03
   10      5.5343735160E-01   1.7144153874E-02   1.1713366276E-02   1.0410471850E-02   1.1440527734E-02
   11      1.7144153874E-02   5.0400693164E-01  -4.9630184343E-03  -6.8261971846E-03  -3.7171349005E-03
   12      1.1713366276E-02  -4.9630184343E-03   1.5389805196E-01  -1.0922171546E-01   1.1721224216E-01
   13      1.0410471850E-02  -6.8261971846E-03  -1.0922171546E-01   1.5438619125E-01  -9.7783319339E-02
   14      1.1440527734E-02  -3.7171349005E-03   1.1721224216E-01  -9.7783319339E-02   1.2945649872E-01
   15      4.0990538586E-02  -1.8183863825E-02  -2.8859920194E-04  -2.3812222437E-03  -1.9060819227E-03
   16     -1.3793193522E-01   1.9242876192E-02  -1.1761712223E-03  -1.6695168092E-03  -9.8103729253E-04
   17      1.9421845105E-02  -7.3622238030E-02  -3.8380199846E-03  -2.6524427119E-03  -1.2348277535E-03
   18     -1.0771687121E-01   6.0548009303E-02   3.4752294446E-04   5.5039349621E-04  -1.7549380772E-04
   19     -1.7888651349E-01   7.8743937549E-02  -7.6850227871E-05   2.2766178225E-04  -3.7996625386E-04
   20      8.0294452266E-02  -9.1385083321E-02   6.5113210652E-04   9.4173810185E-04   3.6693157887E-04
   21      4.3325439879E-02   9.1931263475E-02  -2.2317679748E-04   6.7063335439E-04   5.7368469146E-04
   22     -8.1532781708E-02  -7.6302288690E-02  -8.1102309125E-05   1.0742730995E-05  -1.3726347928E-04
   23     -7.5464510462E-02  -2.0841064984E-01  -5.7736326226E-04   1.1720347199E-06  -1.6279750082E-04
   24      6.8872774889E-03   4.2786782073E-03   4.9070293261E-03  -2.9349622573E-04  -5.9824469969E-03
   25     -3.0862093444E-02   2.4709120989E-03  -1.3683861055E-03  -4.6606027104E-03  -5.8219112003E-04
   26     -2.4595665430E-03  -2.4859010815E-03  -5.8419770049E-03  -8.5402667366E-04   6.5417250368E-03
   27      8.2239148528E-03   1.9389301798E-02  -8.0401896044E-04  -7.2687026758E-05  -4.2967195087E-04
   28     -5.2377312410E-03  -1.0222041416E-02  -1.6717650868E-04  -9.6302346002E-06   2.5487775964E-04
   29     -2.8394648138E-03  -4.0656439513E-03   5.4640977527E-04   4.2783963867E-05  -3.1459599102E-05
   30     -6.4473468405E-04  -1.3595386865E-02  -6.9922430182E-04  -3.9856098881E-04  -5.1941307711E-04
   31      2.9263899478E-03   2.3324530765E-02   1.0017692073E-03   8.6568614572E-04   5.4424593425E-04
   32     -3.0388652046E-03  -2.9000906985E-03  -2.0274639190E-04  -1.2582626004E-04   1.6328955089E-04
   33     -2.5900943967E-03  -6.7241574642E-04   1.1701621199E-03   6.8242100871E-04  -9.6137865260E-04
   34     -2.7777161471E-03  -1.5393137082E-03  -3.1721710331E-04  -3.9647779839E-04   5.9170488968E-04
   35      5.5902883348E-04   1.0324339910E-05   1.1363392133E-03   8.8602739492E-04  -1.1292749005E-03
   36     -6.9686182446E-04  -6.5179770005E-04  -1.2724041300E-03   4.6924700295E-04   1.5860904100E-03
   37     -6.9270519698E-04   8.8186586861E-04   8.5422266295E-04  -2.8776528063E-04  -7.8971165017E-04
   38      5.9390610943E-04  -6.7615925935E-04  -1.0471779734E-03   4.0809679029E-04   1.2181491001E-03
   39     -3.5718027513E-03  -5.5547361243E-03   3.2907532460E-04   4.5867315296E-05   4.1953961959E-05
   40     -1.2425283576E-04  -2.5955161265E-04   5.0536146629E-05   8.0372534083E-05  -1.8273997717E-05
   41      2.1884450511E-03   4.5008766972E-03  -2.0298630085E-04  -3.4569396352E-05  -4.8308467867E-05
   42      8.3499916366E-05  -1.9396978616E-04   1.2015773985E-04  -4.6682870523E-05   7.5258511221E-05
   43     -8.6828339649E-05  -4.2181076912E-04   4.9648892329E-05  -2.1670392479E-05   3.8814180776E-05
   44     -4.0769830214E-04  -1.0230565271E-03   3.0239935460E-05   2.9370098433E-05   1.5923413988E-05
                   15                 16                 17                 18                 19        
    0     -2.2877203992E-02  -7.4409334169E-03  -2.1986437128E-02  -2.7127128266E-03  -9.0195992872E-04
    1     -1.4909071531E-02   2.9053243898E-03  -1.5976769252E-02  -6.4268026592E-04  -5.8624726983E-05
    2     -1.5207596377E-02  -9.4785801635E-03  -1.4893122344E-02  -2.8786262059E-03  -1.5895272743E-04
    3     -2.2894632575E-02   7.4746197734E-03  -2.1981543364E-02  -1.0557812658E-02  -4.7599095642E-03
    4      1.4922830172E-02   2.9285626280E-03   1.5944186122E-02  -1.5756021841E-02  -7.6308983270E-03
    5     -1.5224342333E-02   9.4385015954E-03  -1.4917192471E-02   1.0193985219E-02   2.3474006896E-03
    6     -2.7599920459E-04   1.1984361356E-03  -3.8387330192E-03   1.1700679787E-03   3.1839776111E-04
    7      2.4042413102E-03  -1.6395052289E-03   2.6528546058E-03  -6.8862267379E-04  -3.9355435071E-04
    8     -1.8933434704E-03   9.7567142249E-04  -1.2385489913E-03  -9.6102270753E-04  -5.8961365585E-04
    9     -1.0054141969E-01   4.9980295294E-02  -1.7276455473E-02  -1.3129355198E-01  -1.0582916932E-01
   10      4.0990538586E-02  -1.3793193522E-01   1.9421845105E-02  -1.0771687121E-01  -1.7888651349E-01
   11     -1.8183863825E-02   1.9242876192E-02  -7.3622238030E-02   6.0548009303E-02   7.8743937549E-02
   12     -2.8859920194E-04  -1.1761712223E-03  -3.8380199846E-03   3.4752294446E-04  -7.6850227871E-05
   13     -2.3812222437E-03  -1.6695168092E-03  -2.6524427119E-03   5.5039349621E-04   2.2766178225E-04
   14     -1.9060819227E-03  -9.8103729253E-04  -1.2348277535E-03  -1.7549380772E-04  -3.7996625386E-04
   15      4.2092365350E-01  -1.0541572177E-05   1.0631581447E-01   1.1505162636E-02  -1.2099612098E-02
   16     -1.0541572177E-05   4.0210231508E-01   7.8173523794E-05   1.5202890134E-02  -1.6720946636E-02
   17      1.0631581447E-01   7.8173523794E-05   5.4768705889E-01  -6.8879226104E-03   6.9676171795E-03
   18      1.1505162636E-02   1.5202890134E-02  -6.8879226104E-03   1.4164555343E-01   1.1583816374E-01
   19     -1.2099612098E-02  -1.6720946636E-02   6.9676171795E-03   1.1583816374E-01   1.9876306187E-01
   20      4.6671341725E-03   4.1707229890E-03  -3.3008151164E-03  -6.5852772473E-02  -8.3628348501E-02
   21     -8.2959125585E-03   6.1667573761E-03   1.2283643538E-02  -8.6224719870E-03   7.0697869615E-03
   22      1.0566706006E-02  -9.0294253055E-03  -1.8114356506E-02  -1.0562631782E-02   9.0817641596E-03
   23     -3.5217507610E-03   4.5514615090E-03   6.8252808201E-03   6.9580911150E-03  -5.2485721538E-03
   24     -1.0052451477E-01  -4.9996530900E-02  -1.7266346713E-02  -2.7518333021E-03   1.3921419200E-03
   25     -4.1046800260E-02  -1.3801193939E-01  -1.9418476898E-02   2.5917037686E-03  -2.7809545318E-03
   26     -1.8177718523E-02  -1.9240177800E-02  -7.3591145561E-02  -7.0310802870E-04   1.5445275528E-03
   27     -3.6007705058E-02  -1.5912275630E-06   6.6310112298E-03   2.2629411434E-04  -1.1340208626E-03
   28     -1.2428455120E-04  -2.7752840777E-02   9.0215362467E-05   4.3905058159E-04   4.4134268898E-05
   29      1.3385714545E-02  -1.5869512304E-05  -5.5664965069E-02   1.0435815689E-04   7.3770455440E-04
   30     -6.9037174271E-02  -1.1700582760E-05  -9.0048424819E-02  -7.0305187697E-04   6.4502142259E-04
   31      7.6372340139E-06  -4.9104075754E-02  -1.0415992979E-06   2.8671413972E-04  -9.9906477143E-04
   32     -9.7907440041E-02  -2.2964728159E-05  -2.8652238829E-01  -3.4945920208E-04   2.6606944298E-04
   33      1.1494593709E-02  -1.5212060300E-02  -6.9133509183E-03   4.0874109601E-04  -4.0167725603E-04
   34      1.2117103855E-02  -1.6731459026E-02  -6.9681248563E-03   4.1061092188E-04  -5.7574986906E-04
   35      4.6569521089E-03  -4.1961330524E-03  -3.2923475045E-03   1.8680607070E-04  -1.1979289981E-04
   36     -8.2249188457E-03  -6.1383468509E-03   1.2257914035E-02   3.7142184015E-04  -1.9726173191E-04
   37     -1.0550582666E-02  -9.0520579479E-03   1.8131138827E-02   3.4764002772E-04  -7.6333218764E-04
   38     -3.5266117705E-03  -4.5672513121E-03   6.8212586030E-03   3.5369552170E-04  -8.2824875783E-05
   39     -7.2836045883E-02   5.4585000603E-05   5.3335355594E-02   9.6985448535E-04   1.7569790803E-04
   40      1.3233079891E-04   1.2942333381E-03  -1.2139663744E-04  -4.2050887917E-04   7.3163465763E-04
   41      4.8688127276E-02  -3.7594120759E-05  -3.8008659220E-02  -5.5035379521E-04  -5.2214419251E-04
   42     -2.1192837939E-03  -8.3061930317E-05  -8.2042140859E-04  -3.1838909348E-06  -3.6951790629E-05
   43     -2.5918750832E-05  -1.5867333461E-03   9.1404594664E-06   1.1837290341E-04  -3.8617843836E-05
   44     -2.1310769688E-03   3.9638025978E-05   4.9526520341E-03   2.0637846323E-05   1.0112184367E-04
                   20                 21                 22                 23                 24        
    0     -2.6413970015E-03  -1.4743826456E-03  -7.7756984314E-04  -2.4541276557E-03  -1.3249631409E-01
    1     -1.1982220652E-03  -6.5291688120E-04   9.7221736912E-05   1.1955552184E-03   3.5956329712E-02
    2     -2.2161383607E-03  -2.1236081153E-03  -1.2102706949E-03  -1.5547955256E-03  -5.8832932676E-02
    3     -1.2491190196E-02   1.2341334153E-02   2.6064631152E-03   7.2889743895E-03  -1.3609590107E-03
    4     -1.8230166952E-02  -1.1077521016E-02  -6.2910855323E-03  -1.0376385129E-02   1.4114529172E-02
    5      1.1456950197E-02  -1.9417518143E-02  -9.8638097538E-03  -1.6050391123E-02  -1.0213145958E-02
    6      1.1365778300E-03  -1.2620787972E-03  -8.6285738488E-04  -1.0515191213E-03  -5.6399178705E-03
    7     -8.8401360156E-04  -4.6205462776E-04  -2.8536978464E-04  -4.0087761288E-04   8.5593571310E-03
    8     -1.1277226008E-03   1.5826349993E-03   7.9292828534E-04   1.2188508106E-03  -6.2312307661E-03
    9      6.0663015960E-02  -9.7681165439E-02   4.5714293149E-02   9.4795092134E-02   6.7920154637E-03
   10      8.0294452266E-02   4.3325439879E-02  -8.1532781708E-02  -7.5464510462E-02   6.8872774889E-03
   11     -9.1385083321E-02   9.1931263475E-02  -7.6302288690E-02  -2.0841064984E-01   4.2786782073E-03
   12      6.5113210652E-04  -2.2317679748E-04  -8.1102309125E-05  -5.7736326226E-04   4.9070293261E-03
   13      9.4173810185E-04   6.7063335439E-04   1.0742730995E-05   1.1720347199E-06  -2.9349622573E-04
   14      3.6693157887E-04   5.7368469146E-04  -1.3726347928E-04  -1.6279750082E-04  -5.9824469969E-03
   15      4.6671341725E-03  -8.2959125585E-03   1.0566706006E-02  -3.5217507610E-03  -1.0052451477E-01
   16      4.1707229890E-03   6.1667573761E-03  -9.0294253055E-03   4.5514615090E-03  -4.9996530900E-02
   17     -3.3008151164E-03   1.2283643538E-02  -1.8114356506E-02   6.8252808201E-03  -1.7266346713E-02
   18     -6.5852772473E-02  -8.6224719870E-03  -1.0562631782E-02   6.9580911150E-03  -2.7518333021E-03
   19     -8.3628348501E-02   7.0697869615E-03   9.0817641596E-03  -5.2485721538E-03   1.3921419200E-03
   20      9.7177806539E-02   1.5908796853E-02   1.9263700114E-02  -1.1898982485E-02  -1.8721683503E-03
   21      1.5908796853E-02   1.0667735324E-01  -4.8364395946E-02  -1.0039240879E-01  -3.5721163585E-04
   22      1.9263700114E-02  -4.8364395946E-02   9.0172338293E-02   8.5892915900E-02   8.2769811123E-04
   23     -1.1898982485E-02  -1.0039240879E-01   8.5892915900E-02   2.2790698859E-01   6.2607298708E-04
   24     -1.8721683503E-03  -3.5721163585E-04   8.2769811123E-04   6.2607298708E-04   4.8060726020E-01
   25     -5.5883397066E-04   6.8865233735E-04  -6.8915804147E-04  -6.0581542251E-04  -5.1254472744E-02
   26     -7.5026583360E-06  -6.4775409777E-04  -8.8527596478E-04  -6.8555185319E-04  -5.9521022944E-02
   27      9.8596384083E-05  -3.9186484774E-03   2.9431771605E-03  -3.5830017945E-03  -2.0141188842E-02
   28     -5.4611931191E-04   2.5642440919E-03  -2.2534891875E-03   9.2184776362E-04  -1.8232566576E-02
   29      9.2654841449E-04   1.0214084399E-03  -3.5485217563E-04   2.3684685081E-03   1.0329201248E-03
   30     -4.7262979943E-04   8.1093596918E-04  -6.5298831914E-04   1.3867901933E-05  -4.7644268926E-03
   31      6.1295874977E-04  -6.4534168257E-04   1.5073249853E-03  -5.8294247364E-04  -7.9826432238E-03
   32     -1.6112516860E-04  -1.9172539170E-04   2.0391160787E-04   1.2675837050E-03   1.4773353941E-03
   33      1.9177841833E-04   3.7240407930E-04  -3.4482288106E-04   3.4754105388E-04  -1.3136101540E-01
   34      1.2703771828E-04   1.9872518250E-04  -7.6179612688E-04   8.1909840594E-05   1.0586643520E-01
   35      7.0713852210E-05   2.0419051106E-04   2.6610178428E-04   1.1859280350E-04   6.0669197733E-02
   36      2.0454065539E-04   4.0843643685E-05  -1.6100374821E-04   1.8342154016E-04  -9.7686712290E-02
   37     -2.6670136096E-04   1.7018946021E-04  -9.9200513217E-05  -1.5714238371E-04  -4.5691306674E-02
   38      1.2009504580E-04   1.9228495166E-04   1.6289795366E-04  -1.9307541774E-04   9.4798729649E-02
   39     -2.8282181973E-04   1.4135685104E-03  -6.6903407770E-04   1.3126532919E-03   4.8691862399E-03
   40     -2.1525703860E-04   2.0137523270E-04   1.4356519715E-04   1.0175604931E-04   2.8928215090E-04
   41      1.0304291886E-04  -1.2270708111E-03   4.3513971160E-04  -9.3853012540E-04  -3.6341377208E-03
   42      8.4582857525E-05   1.7860874532E-04  -1.8702001515E-04   4.7363225498E-05  -9.1397121925E-05
   43      1.3888931086E-04   1.5151504196E-04  -7.0650903182E-05   8.5716595531E-05  -4.5491413876E-04
   44     -1.2471883560E-04   3.0927164263E-04  -1.4556736547E-04   1.8900863346E-04   6.6360930856E-04
                   25                 26                 27                 28                 29        
    0      2.6853285052E-02  -5.8641683625E-02   1.2431844971E-03  -4.0831742949E-05  -3.9042355923E-04
    1     -9.8564353984E-02   3.3437668467E-02  -1.3619738220E-03  -6.8664986665E-04  -4.3265331604E-05
    2      2.4784768932E-02  -1.2550415950E-01  -1.8066234345E-04   3.3379527278E-05   2.5324031260E-04
    3      2.1770537755E-02  -8.3947768452E-03   1.2264884327E-03   1.4228073940E-05  -4.0903813556E-04
    4     -2.5402568940E-02   1.3625765060E-02   1.3702807555E-03  -7.0185951606E-04   5.8221375243E-05
    5      2.3204787762E-02  -1.3384914152E-03  -1.8394775229E-04  -4.3738344836E-05   2.6538510277E-04
    6     -1.1690794121E-02  -4.9716253104E-03  -7.9090747459E-04   1.5716429928E-04   5.6266314193E-04
    7      1.0438978295E-02   6.8116355854E-03   7.3727388705E-05   1.9142458752E-06  -3.6294627209E-05
    8     -1.1394650371E-02  -3.7433609504E-03  -4.2188717283E-04  -2.3060700688E-04  -2.8697947966E-05
    9     -6.8652231902E-03   4.2815499061E-03  -2.0113568123E-02   1.8254394578E-02   1.0510630725E-03
   10     -3.0862093444E-02  -2.4595665430E-03   8.2239148528E-03  -5.2377312410E-03  -2.8394648138E-03
   11      2.4709120989E-03  -2.4859010815E-03   1.9389301798E-02  -1.0222041416E-02  -4.0656439513E-03
   12     -1.3683861055E-03  -5.8419770049E-03  -8.0401896044E-04  -1.6717650868E-04   5.4640977527E-04
   13     -4.6606027104E-03  -8.5402667366E-04  -7.2687026758E-05  -9.6302346002E-06   4.2783963867E-05
   14     -5.8219112003E-04   6.5417250368E-03  -4.2967195087E-04   2.5487775964E-04  -3.1459599102E-05
   15     -4.1046800260E-02  -1.8177718523E-02  -3.6007705058E-02  -1.2428455120E-04   1.3385714545E-02
   16     -1.3801193939E-01  -1.9240177800E-02  -1.5912275630E-06  -2.7752840777E-02  -1.5869512304E-05
   17     -1.9418476898E-02  -7.3591145561E-02   6.6310112298E-03   9.0215362467E-05  -5.5664965069E-02
   18      2.5917037686E-03  -7.0310802870E-04   2.2629411434E-04   4.3905058159E-04   1.0435815689E-04
   19     -2.7809545318E-03   1.5445275528E-03  -1.1340208626E-03   4.4134268898E-05   7.3770455440E-04
   20     -5.5883397066E-04  -7.5026583360E-06   9.8596384083E-05  -5.4611931191E-04   9.2654841449E-04
   21      6.8865233735E-04  -6.4775409777E-04  -3.9186484774E-03   2.5642440919E-03   1.0214084399E-03
   22     -6.8915804147E-04  -8.8527596478E-04   2.9431771605E-03  -2.2534891875E-03  -3.5485217563E-04
   23     -6.0581542251E-04  -6.8555185319E-04  -3.5830017945E-03   9.2184776362E-04   2.3684685081E-03
   24     -5.1254472744E-02  -5.9521022944E-02  -2.0141188842E-02  -1.8232566576E-02   1.0329201248E-03
   25      5.5337976348E-01  -1.7148560455E-02  -8.2300776636E-03  -5.2291081636E-03   2.8346629232E-03
   26     -1.7148560455E-02   5.0401556767E-01   1.9398808664E-02   1.0218134123E-02  -4.0643915910E-03
   27     -8.2300776636E-03   1.9398808664E-02   3.3536637231E-02   2.0223786380E-04   7.9592138124E-03
   28     -5.2291081636E-03   1.0218134123E-02   2.0223786380E-04   4.7177683431E-02  -5.0855394908E-05
   29      2.8346629232E-03  -4.0643915910E-03   7.9592138124E-03  -5.0855394908E-05   5.3045016398E-02
   30      6.3533649369E-04  -1.3588134207E-02  -3.9674908633E-03   1.8580729208E-06   2.5262947069E-02
   31      2.9124840576E-03  -2.3316693521E-02  -9.0711500449E-08   1.4012482151E-04  -1.0998099718E-05
   32      3.0417374624E-03  -2.8924712879E-03  -4.7680222557E-04  -6.4147563470E-06  -1.8270098402E-02
   33      1.0780157217E-01   6.0537930087E-02   2.5086408364E-04  -4.4449841826E-04   1.0158565333E-04
   34     -1.7887888554E-01  -7.8731348329E-02   1.1142892422E-03   4.4397972871E-05  -7.3967875760E-04
   35     -8.0255206229E-02  -9.1366128768E-02   1.2082738867E-04   5.3381699466E-04   9.2304177301E-04
   36     -4.3306648580E-02   9.1989683181E-02  -3.9880902901E-03  -2.5543508209E-03   1.0784992906E-03
   37     -8.1501669343E-02   7.6299528668E-02  -2.9502748625E-03  -2.2513055584E-03   3.5758333606E-04
   38      7.5474585340E-02  -2.0844295118E-01  -3.5745762002E-03  -9.1558174563E-04   2.3722300725E-03
   39      3.5525760921E-03  -5.5297282977E-03   6.1000852450E-02  -3.8261703774E-05  -4.2461628030E-02
   40     -1.1497331088E-04   2.3835562762E-04  -1.7242768782E-04  -4.9124497428E-03   5.1945034354E-05
   41     -2.1920971646E-03   4.5011598819E-03  -5.4095965039E-02   3.3217269998E-06   2.1429212446E-02
   42     -1.1838140915E-04  -1.8355423270E-04  -7.7527027198E-03  -6.1497825421E-05  -8.8509260552E-03
   43     -3.4918435451E-05   4.4164840438E-04   2.5807186599E-05   1.6268095478E-03  -1.7216944212E-05
   44      3.6276291014E-04  -9.3639673790E-04   9.3539879002E-03  -1.4640811292E-05   5.4211353248E-04
                   30                 31                 32                 33                 34        
    0     -1.6419200743E-03  -1.9578734829E-03  -3.5263758979E-04  -1.0553254946E-02   4.7766142684E-03
    1     -2.3077688348E-03  -4.6287545485E-03  -4.1052284413E-04   1.5810796049E-02  -7.6098759959E-03
    2     -1.7396270319E-03  -1.0625453502E-03   2.2338244354E-04   1.0215065869E-02  -2.3403979154E-03
    3     -1.6365888934E-03   1.9698980853E-03  -3.6008432590E-04  -2.7077531572E-03   8.9976307823E-04
    4      2.3058558808E-03  -4.6048090947E-03   4.1286720303E-04   6.3434106844E-04  -7.1485889204E-05
    5     -1.7342798803E-03   1.0652814611E-03   2.1931606232E-04  -2.8608421207E-03   1.3928494117E-04
    6     -6.9807994268E-04  -9.9943669252E-04  -2.0300898710E-04   3.2913935435E-04   5.7136129974E-05
    7      3.9569540543E-04   8.7797827706E-04   1.2440457526E-04  -5.5662296433E-04   1.9300345090E-04
    8     -5.1718328606E-04  -5.4292793370E-04   1.6313859782E-04  -2.0739696827E-04   3.7637998260E-04
    9     -4.7612264380E-03   7.9689668553E-03   1.4724007229E-03  -2.7319623652E-03  -1.3854837012E-03
   10     -6.4473468405E-04   2.9263899478E-03  -3.0388652046E-03  -2.5900943967E-03  -2.7777161471E-03
   11     -1.3595386865E-02   2.3324530765E-02  -2.9000906985E-03  -6.7241574642E-04  -1.5393137082E-03
   12     -6.9922430182E-04   1.0017692073E-03  -2.0274639190E-04   1.1701621199E-03  -3.1721710331E-04
   13     -3.9856098881E-04   8.6568614572E-04  -1.2582626004E-04   6.8242100871E-04  -3.9647779839E-04
   14     -5.1941307711E-04   5.4424593425E-04   1.6328955089E-04  -9.6137865260E-04   5.9170488968E-04
   15     -6.9037174271E-02   7.6372340139E-06  -9.7907440041E-02   1.1494593709E-02   1.2117103855E-02
   16     -1.1700582760E-05  -4.9104075754E-02  -2.2964728159E-05  -1.5212060300E-02  -1.6731459026E-02
   17     -9.0048424819E-02  -1.0415992979E-06  -2.8652238829E-01  -6.9133509183E-03  -6.9681248563E-03
   18     -7.0305187697E-04   2.8671413972E-04  -3.4945920208E-04   4.0874109601E-04   4.1061092188E-04
   19      6.4502142259E-04  -9.9906477143E-04   2.6606944298E-04  -4.0167725603E-04  -5.7574986906E-04
   20     -4.7262979943E-04   6.1295874977E-04  -1.6112516860E-04   1.9177841833E-04   1.2703771828E-04
   21      8.1093596918E-04  -6.4534168257E-04  -1.9172539170E-04   3.7240407930E-04   1.9872518250E-04
   22     -6.5298831914E-04   1.5073249853E-03   2.0391160787E-04  -3.4482288106E-04  -7.6179612688E-04
   23      1.3867901933E-05  -5.8294247364E-04   1.2675837050E-03   3.4754105388E-04   8.1909840594E-05
   24     -4.7644268926E-03  -7.9826432238E-03   1.4773353941E-03  -1.3136101540E-01   1.0586643520E-01
   25      6.3533649369E-04   2.9124840576E-03   3.0417374624E-03   1.0780157217E-01  -1.7887888554E-01
   26     -1.3588134207E-02  -2.3316693521E-02  -2.8924712879E-03   6.0537930087E-02  -7.8731348329E-02
   27     -3.9674908633E-03  -9.0711500449E-08  -4.7680222557E-04   2.5086408364E-04   1.1142892422E-03
   28      1.8580729208E-06   1.4012482151E-04  -6.4147563470E-06  -4.4449841826E-04   4.4397972871E-05
   29      2.5262947069E-02  -1.0998099718E-05  -1.8270098402E-02   1.0158565333E-04  -7.3967875760E-04
   30      8.0865938309E-02   1.0519064019E-05   9.9766822809E-02  -6.9567302504E-04  -6.4809189724E-04
   31      1.0519064019E-05   4.9690776995E-02  -1.7966805509E-05  -2.8232961261E-04  -1.0018379581E-03
   32      9.9766822809E-02  -1.7966805509E-05   3.0592397234E-01  -3.4118513101E-04  -2.6837962958E-04
   33     -6.9567302504E-04  -2.8232961261E-04  -3.4118513101E-04   1.4169646594E-01  -1.1590828323E-01
   34     -6.4809189724E-04  -1.0018379581E-03  -2.6837962958E-04  -1.1590828323E-01   1.9879543617E-01
   35     -4.7340582196E-04  -6.1070870709E-04  -1.4326963415E-04  -6.5887946049E-02   8.3586106498E-02
   36      8.2237032841E-04   6.6139366250E-04  -2.1324809072E-04  -8.5925200563E-03  -7.0971686755E-03
   37      6.4884032505E-04   1.5113492119E-03  -1.8977656409E-04   1.0558960713E-02   9.0864620792E-03
   38      3.4807607343E-06   5.8842056462E-04   1.2547650854E-03   6.9584513351E-03   5.2304304568E-03
   39      5.2874875221E-03   2.0256158769E-05  -2.4532871689E-03   9.5220556010E-04  -2.0379766855E-04
   40     -5.9174852591E-06  -3.3878860889E-04   2.6087216529E-06   3.9724984223E-04   7.0664084498E-04
   41     -2.5054088525E-03   2.3665339665E-05   2.0946477041E-03  -5.7575689816E-04   5.1375424948E-04
   42      8.1812445010E-04  -2.9218496290E-05   3.3909930033E-04  -3.2396996742E-05   1.1440344012E-04
   43     -3.5843771715E-06   2.4521629384E-04   4.1240677130E-06  -1.3999083475E-04  -2.0656163424E-05
   44      1.4274141976E-04   1.1715387298E-05  -4.2065201169E-04   3.8977878478E-05  -7.7662787481E-05
                   35                 36                 37                 38                 39        
    0     -1.2505696072E-02   1.2331506994E-02  -2.6006194437E-03   7.2846550780E-03  -4.5625694105E-04
    1      1.8256291006E-02   1.1066313310E-02  -6.2739349467E-03   1.0372295666E-02   4.4541618369E-04
    2      1.1462282401E-02  -1.9435525313E-02   9.8652007460E-03  -1.6054414512E-02   2.5901934075E-04
    3     -2.6193846812E-03  -1.4744909829E-03   7.7641931871E-04  -2.4625655851E-03  -4.4630308340E-04
    4      1.2177922922E-03   6.3325484993E-04   1.0949416978E-04  -1.1941862172E-03  -4.4613719450E-04
    5     -2.2212055263E-03  -2.1026894940E-03   1.2126763194E-03  -1.5779264671E-03   2.5435904823E-04
    6      6.5894568815E-04  -2.2491988716E-04   7.5723594368E-05  -5.8359708206E-04   3.3679437302E-04
    7     -9.5092800527E-04  -6.4619219747E-04  -7.1450409695E-07  -1.0456850806E-05  -4.9762918442E-05
    8      3.2518943303E-04   5.9100991695E-04   1.1805609184E-04  -1.6075203865E-04   4.4243529666E-05
    9     -1.8482362976E-03  -3.5980610966E-04  -8.3651818729E-04   6.2716176728E-04   4.9015665658E-03
   10      5.5902883348E-04  -6.9686182446E-04  -6.9270519698E-04   5.9390610943E-04  -3.5718027513E-03
   11      1.0324339910E-05  -6.5179770005E-04   8.8186586861E-04  -6.7615925935E-04  -5.5547361243E-03
   12      1.1363392133E-03  -1.2724041300E-03   8.5422266295E-04  -1.0471779734E-03   3.2907532460E-04
   13      8.8602739492E-04   4.6924700295E-04  -2.8776528063E-04   4.0809679029E-04   4.5867315296E-05
   14     -1.1292749005E-03   1.5860904100E-03  -7.8971165017E-04   1.2181491001E-03   4.1953961959E-05
   15      4.6569521089E-03  -8.2249188457E-03  -1.0550582666E-02  -3.5266117705E-03  -7.2836045883E-02
   16     -4.1961330524E-03  -6.1383468509E-03  -9.0520579479E-03  -4.5672513121E-03   5.4585000603E-05
   17     -3.2923475045E-03   1.2257914035E-02   1.8131138827E-02   6.8212586030E-03   5.3335355594E-02
   18      1.8680607070E-04   3.7142184015E-04   3.4764002772E-04   3.5369552170E-04   9.6985448535E-04
   19     -1.1979289981E-04  -1.9726173191E-04  -7.6333218764E-04  -8.2824875783E-05   1.7569790803E-04
   20      7.0713852210E-05   2.0454065539E-04  -2.6670136096E-04   1.2009504580E-04  -2.8282181973E-04
   21      2.0419051106E-04   4.0843643685E-05   1.7018946021E-04   1.9228495166E-04   1.4135685104E-03
   22      2.6610178428E-04  -1.6100374821E-04  -9.9200513217E-05   1.6289795366E-04  -6.6903407770E-04
   23      1.1859280350E-04   1.8342154016E-04  -1.5714238371E-04  -1.9307541774E-04   1.3126532919E-03
   24      6.0669197733E-02  -9.7686712290E-02  -4.5691306674E-02   9.4798729649E-02   4.8691862399E-03
   25     -8.0255206229E-02  -4.3306648580E-02  -8.1501669343E-02   7.5474585340E-02   3.5525760921E-03
   26     -9.1366128768E-02   9.1989683181E-02   7.6299528668E-02  -2.0844295118E-01  -5.5297282977E-03
   27      1.2082738867E-04  -3.9880902901E-03  -2.9502748625E-03  -3.5745762002E-03   6.1000852450E-02
   28      5.3381699466E-04  -2.5543508209E-03  -2.2513055584E-03  -9.1558174563E-04  -3.8261703774E-05
   29      9.2304177301E-04   1.0784992906E-03   3.5758333606E-04   2.3722300725E-03  -4.2461628030E-02
   30     -4.7340582196E-04   8.2237032841E-04   6.4884032505E-04   3.4807607343E-06   5.2874875221E-03
   31     -6.1070870709E-04   6.6139366250E-04   1.5113492119E-03   5.8842056462E-04   2.0256158769E-05
   32     -1.4326963415E-04  -2.1324809072E-04  -1.8977656409E-04   1.2547650854E-03  -2.4532871689E-03
   33     -6.5887946049E-02  -8.5925200563E-03   1.0558960713E-02   6.9584513351E-03   9.5220556010E-04
   34      8.3586106498E-02  -7.0971686755E-03   9.0864620792E-03   5.2304304568E-03  -2.0379766855E-04
   35      9.7058698333E-02   1.5884014468E-02  -1.9250762989E-02  -1.1886008666E-02  -2.6067050952E-04
   36      1.5884014468E-02   1.0664690024E-01   4.8331218637E-02  -1.0038385651E-01   1.4587223708E-03
   37     -1.9250762989E-02   4.8331218637E-02   9.0142686203E-02  -8.5899523779E-02   6.6338927524E-04
   38     -1.1886008666E-02  -1.0038385651E-01  -8.5899523779E-02   2.2795621479E-01   1.3163294408E-03
   39     -2.6067050952E-04   1.4587223708E-03   6.6338927524E-04   1.3163294408E-03   1.9188127276E-01
   40      2.2179487943E-04  -2.0508032176E-04   1.3700866547E-04  -1.1236199030E-04   1.7730667331E-03
   41      1.4005580020E-04  -1.2721935806E-03  -4.4158937498E-04  -9.4202596349E-04   2.4651899849E-01
   42      1.0700843853E-04   1.5209717694E-04   2.0990280638E-04   2.1173528476E-05  -1.9966198025E-01
   43     -1.2513039329E-04  -1.6571769845E-04  -6.4314850482E-05  -3.5926931737E-05  -1.7754176807E-03
   44     -7.0663736875E-05   3.0656028249E-04   1.1663906685E-04   1.9060080685E-04  -2.4654119072E-01
                   40                 41                 42                 43                 44        
    0      2.5687492588E-04   3.7649558424E-04   9.9754726156E-05  -1.3873036242E-04  -7.3951763315E-05
    1      1.6092173999E-04  -2.6369443177E-04   8.9113050977E-05  -1.3996867826E-04   5.8484918016E-05
    2      5.5919835045E-04  -5.5869354362E-05   7.1513220833E-05  -1.4180442395E-04   1.3561491533E-05
    3     -2.4988104506E-04   3.9673930636E-04   1.1925696707E-04   1.8775698990E-04  -8.3653485265E-05
    4      1.5624124400E-04   2.4947917862E-04  -1.4085204146E-04  -1.6018258707E-04  -4.7116925449E-05
    5     -5.3932277567E-04  -6.9265445948E-05   5.0754114115E-05   1.2440945224E-04   2.1053054950E-05
    6     -6.5150937479E-05  -1.8021403750E-04   9.0813550963E-05  -1.2895805276E-05   2.2734137646E-05
    7      9.1992847508E-05   4.1411371093E-05  -9.2645747285E-05  -4.6839454414E-05  -1.5519566300E-06
    8      1.8947717195E-05  -4.4942741251E-05   7.8970771438E-05  -1.1058425449E-06  -1.9698628298E-05
    9     -3.1661374221E-04  -3.6231882026E-03  -7.4470025717E-05   4.9254820444E-04   5.1076716537E-04
   10     -1.2425283576E-04   2.1884450511E-03   8.3499916366E-05  -8.6828339649E-05  -4.0769830214E-04
   11     -2.5955161265E-04   4.5008766972E-03  -1.9396978616E-04  -4.2181076912E-04  -1.0230565271E-03
   12      5.0536146629E-05  -2.0298630085E-04   1.2015773985E-04   4.9648892329E-05   3.0239935460E-05
   13      8.0372534083E-05  -3.4569396352E-05  -4.6682870523E-05  -2.1670392479E-05   2.9370098433E-05
