
$orca_hessian_file

$act_atom
  0

$act_coord
  0

$act_energy
     -270.663380

$multiplicity
  1

$hessian
45
                    0                  1                  2                  3                  4        
    0      5.6805250248E-01   4.9689576519E-02   2.8370115137E-02  -1.3234150894E-01   4.3113256914E-02
    1      4.9689576519E-02   4.3467832893E-01  -2.9357429474E-03   4.7499601591E-02  -1.0405569234E-01
    2      2.8370115137E-02  -2.9357429474E-03   5.7320919764E-01   1.6803189892E-02  -1.5100734526E-02
    3     -1.3234150894E-01   4.7499601591E-02   1.6803189892E-02   3.9841543294E-01   5.3211385753E-04
    4      4.3113256914E-02  -1.0405569234E-01  -1.5100734526E-02   5.3211385753E-04   5.8212089892E-01
    5      2.0174483926E-02  -1.5367609214E-02  -8.5482560039E-02   2.4678539749E-03  -3.0681739173E-02
    6     -3.4237414344E-02  -3.7416758732E-03  -5.0288750140E-03  -1.3467362512E-01  -4.2516627161E-02
    7      4.5038636652E-03   6.3070439403E-03   4.4976154937E-03  -4.5889893971E-02  -1.0122225880E-01
    8      6.0094458951E-03   4.6436919648E-03  -2.8688945204E-03  -1.4989644629E-02  -1.3475441314E-02
    9     -2.7566111386E-02  -1.8763339808E-02  -1.3289708867E-05   2.8938247541E-03  -2.1533315676E-02
   10     -3.1171760316E-02  -9.0375945086E-03  -1.1955594915E-03  -1.2002071491E-02  -3.5637242352E-02
   11      4.7277253814E-03   3.3893518237E-03   6.2452653130E-03   2.0939691492E-03  -6.1762214909E-03
   12     -9.6832779951E-02  -5.0971488383E-02   7.4993873760E-04   3.7296446139E-03   2.0791327300E-02
   13     -3.7634330791E-02  -1.9052819317E-01   4.2125815061E-03   1.1022042430E-02  -3.7410745490E-02
   14      4.8071417159E-03   4.7570391263E-03  -6.8958979064E-02  -1.8244778965E-03  -7.5575278715E-03
   15     -7.2887233855E-02  -1.1916463732E-02   7.4288340207E-02  -5.7461282990E-03  -3.6998706158E-03
   16     -1.3855649661E-02  -5.2914816229E-02   4.0623622528E-02   6.0223279340E-03   1.3118151935E-03
   17      7.3117909810E-02   3.7551515111E-02  -2.6865773011E-01   2.9486620095E-04   3.6377603277E-04
   18     -2.0284386890E-01  -2.7148086666E-02  -1.2967489517E-01  -1.5600005270E-02  -4.6062475625E-03
   19     -2.6628860178E-02  -5.2550492762E-02  -2.2898759951E-02   1.5758659984E-02   3.5929954157E-03
   20     -1.3400594150E-01  -2.5052907430E-02  -1.5496080187E-01   8.2212090333E-03   1.8056187281E-03
   21      1.1657163520E-03   2.1960628322E-02  -1.3182746006E-02  -4.6943471622E-02  -2.3194513309E-04
   22     -1.9200674666E-03  -1.1958839391E-02   8.2870737954E-03  -3.4125742864E-04  -2.4388788880E-01
   23      5.7180168172E-04  -8.9782881415E-03   3.1665232702E-03   1.8068497256E-04   1.2138289298E-01
   24     -3.3137723492E-03   6.9469465485E-03   2.7507310849E-02  -4.3432122008E-02  -1.2180912162E-03
   25      1.9182305788E-04  -3.5942183166E-03  -1.8049151444E-02  -1.1544648858E-03  -6.1098882085E-02
   26      4.9901728838E-04  -4.2452158741E-04  -6.5530030290E-03  -4.7081912094E-03  -5.3779866311E-02
   27     -2.7909360346E-03  -2.1591632701E-03  -1.3784233862E-04  -1.5507337548E-02   4.7244491796E-03
   28     -1.7622673490E-03  -3.0367279781E-03  -1.5054870237E-03  -1.4397959006E-02   3.4213150841E-03
   29     -2.2488810619E-03  -7.1663190996E-04   4.3068469185E-04  -7.6750230259E-03   1.6922757788E-03
   30     -6.5248206822E-04   4.6730047986E-05  -1.3301364480E-03  -6.8555576995E-03   4.4839919989E-03
   31     -2.1993846424E-04  -2.7738204819E-04   4.8112001300E-04  -6.8855669740E-03   1.8195185909E-03
   32     -9.1398131932E-04  -4.1542312595E-04  -1.5807490225E-04  -3.4098600118E-04   2.5871957289E-04
   33     -4.6415089274E-03   1.0341106950E-03  -1.1127186345E-03  -1.6768705299E-03   3.3529587736E-03
   34      1.5246326876E-03  -3.6688197043E-04  -4.1927049087E-04   1.6807320050E-03  -3.6011216236E-03
   35      5.6168599011E-04   4.8983641359E-05   9.9215731238E-03  -2.9145071553E-04  -8.9630615303E-05
   36      1.0838182212E-02  -1.0539900724E-02  -2.3560841807E-03  -1.7239977440E-03  -3.5146336801E-03
   37      1.6452374552E-02  -1.0190315333E-02  -2.8088167182E-03  -1.6531055069E-03  -3.5311876896E-03
   38     -1.9995756065E-03   1.3798560289E-03   2.5208694609E-03   7.8511511908E-05   3.1566773808E-04
   39     -1.3906609691E-03  -2.1226514315E-03   4.9345264020E-03  -3.4255682430E-04  -3.2233558291E-06
   40     -2.8629813013E-03  -2.6620165983E-03   7.7180266652E-03  -4.5565553468E-05  -1.2040380931E-03
   41     -1.3379236856E-03   7.7168869488E-04  -5.3140028606E-03  -5.9317545461E-04   1.4257476452E-03
   42     -5.5812332367E-04   2.0501302269E-04   1.7935988488E-04  -1.9572069901E-04   3.1094227494E-04
   43      5.6049127276E-04   1.8779777964E-04  -9.0960585781E-04  -1.3067888278E-04  -6.1748593004E-04
   44      1.6707827392E-03   1.3520864143E-03  -2.5400671039E-03   2.6431444609E-04  -4.0936214494E-04
                    5                  6                  7                  8                  9        
    0      2.0174483926E-02  -3.4237414344E-02   4.5038636652E-03   6.0094458951E-03  -2.7566111386E-02
    1     -1.5367609214E-02  -3.7416758732E-03   6.3070439403E-03   4.6436919648E-03  -1.8763339808E-02
    2     -8.5482560039E-02  -5.0288750140E-03   4.4976154937E-03  -2.8688945204E-03  -1.3289708867E-05
    3      2.4678539749E-03  -1.3467362512E-01  -4.5889893971E-02  -1.4989644629E-02   2.8938247541E-03
    4     -3.0681739173E-02  -4.2516627161E-02  -1.0122225880E-01  -1.3475441314E-02  -2.1533315676E-02
    5      5.9700384507E-01  -1.8635282284E-02  -1.3221884042E-02  -8.4055177304E-02   1.7209281615E-03
    6     -1.8635282284E-02   5.5691771704E-01  -5.0234550626E-02  -2.6057051015E-02  -9.5105661346E-02
    7     -1.3221884042E-02  -5.0234550626E-02   4.3437843695E-01  -3.6277478131E-03   4.7647435740E-02
    8     -8.4055177304E-02  -2.6057051015E-02  -3.6277478131E-03   5.5835064435E-01   4.2244930371E-03
    9      1.7209281615E-03  -9.5105661346E-02   4.7647435740E-02   4.2244930371E-03   8.1711757738E-01
   10      2.0749594168E-03   3.5755157895E-02  -1.9339613794E-01  -2.4853923687E-04   1.0009792682E-01
   11      4.2520079994E-04   2.6439422034E-04  -1.3265803700E-04  -6.9377473627E-02   1.3428672434E-02
   12     -2.8374290488E-03  -2.6688828640E-02   2.1221494402E-02  -2.9966784398E-03  -5.1751159888E-01
   13      2.5964422351E-03   3.1777723861E-02  -9.9831674796E-03   3.0811256751E-05   5.1731508113E-03
   14     -1.6829915970E-04  -5.7295908470E-03   4.9917069278E-03   6.3972812143E-03   4.5509871212E-02
   15      2.2217328681E-02  -5.0522643045E-04  -1.6996435114E-04   1.2252620022E-03  -4.4921176157E-04
   16     -2.0552341795E-02   8.4666335439E-05  -2.5498501771E-04   5.0630259812E-04  -1.6810853531E-03
   17     -5.3134305149E-03   1.0206371529E-03  -4.8428198636E-04  -2.7935886645E-04  -1.7456454018E-03
   18     -1.2462979359E-02  -2.5105508759E-03   1.9965145761E-03   2.5160094027E-04  -1.4006992786E-03
   19      1.2058761046E-02   1.8787346708E-03  -3.0461897519E-03  -1.3522516885E-03  -3.9357495602E-03
   20      4.7444885324E-03   2.4081454720E-03  -7.1978651603E-04   1.7529048140E-04   1.8075434139E-04
   21      1.4057112422E-04   7.8016960211E-04  -2.2467525689E-02   1.3324429931E-02  -4.2452601660E-03
   22      1.1789366597E-01   1.9035875262E-03  -1.1402222965E-02   7.9255123918E-03  -2.4621293704E-03
   23     -1.2147507778E-01  -7.2920181267E-04  -8.2963122527E-03   2.8280338448E-03  -1.6894536908E-03
   24     -4.8627860888E-03  -4.3542075950E-03  -7.1233063097E-03  -2.7755145870E-02  -1.0292271626E-03
   25     -5.0036158654E-02  -6.6779793362E-04  -3.5476185834E-03  -1.7278730364E-02  -2.2493030117E-03
   26     -3.1041419998E-01  -3.8556588459E-04  -9.2611273314E-05  -5.2467884950E-03  -5.5709360539E-04
   27      1.3734290981E-02  -1.8544225749E-01   2.4667622479E-02   1.2956869178E-01  -7.6554436231E-03
   28      1.2299486184E-02   2.5778349785E-02  -5.2667028710E-02  -2.4656795327E-02   2.4138384631E-02
   29      4.6212164688E-03   1.3249500891E-01  -2.5304274884E-02  -1.6558908649E-01  -3.1953584749E-03
   30     -2.2027582817E-02  -7.9446858030E-02   1.6079572789E-02  -8.3428384429E-02  -6.6592804442E-03
   31     -1.9274131318E-02   1.8800298387E-02  -5.4460970306E-02   4.8974797900E-02   1.3610921609E-02
   32     -4.6207385791E-03  -8.1888298205E-02   4.3840521519E-02  -2.5437917654E-01  -1.0597271927E-03
   33     -3.5574552128E-04   1.0698362263E-02   1.0139204792E-02   1.2833294274E-03  -1.5067274703E-01
   34      1.1092704529E-03  -1.7179303974E-02  -9.5847081046E-03  -1.5675743931E-03  -1.3628621856E-01
   35      1.8024203525E-03   1.1444004807E-03   4.2542087709E-04   2.5276609173E-03  -4.5244524958E-03
   36      4.6479501631E-04  -4.4122581659E-03  -9.7507055938E-04   5.6547593701E-04  -9.6108504052E-03
   37      1.3471140798E-03  -1.5247488588E-03  -3.2136513839E-04  -6.5318684388E-04  -4.7368685901E-03
   38      1.5254467424E-03  -4.2447670134E-04  -2.5741151961E-04   1.0015703633E-02  -2.9619245891E-03
   39      3.0880412372E-04  -6.0401392938E-04   3.9523400183E-04  -8.7394917123E-04  -6.8001136005E-04
   40      1.4381209084E-05   2.6430201840E-04  -5.7286224309E-04   7.4444156923E-04  -2.9891256357E-03
   41      1.4253810121E-03   1.7635357975E-03  -1.8007865479E-03   1.6159922285E-03  -5.0652279511E-02
   42     -2.8901118487E-05  -4.1534693927E-04   2.3467343657E-04  -3.8404658162E-04   2.5747007064E-03
   43     -2.3439142715E-04  -4.0342042817E-04  -2.2596584798E-04   1.7935607201E-05   3.9583154380E-03
   44     -1.8515617754E-05  -1.8560908441E-04   1.9926374698E-04  -1.1465082213E-04   1.3319225983E-03
                   10                 11                 12                 13                 14        
    0     -3.1171760316E-02   4.7277253814E-03  -9.6832779951E-02  -3.7634330791E-02   4.8071417159E-03
    1     -9.0375945086E-03   3.3893518237E-03  -5.0971488383E-02  -1.9052819317E-01   4.7570391263E-03
    2     -1.1955594915E-03   6.2452653130E-03   7.4993873760E-04   4.2125815061E-03  -6.8958979064E-02
    3     -1.2002071491E-02   2.0939691492E-03   3.7296446139E-03   1.1022042430E-02  -1.8244778965E-03
    4     -3.5637242352E-02  -6.1762214909E-03   2.0791327300E-02  -3.7410745490E-02  -7.5575278715E-03
    5      2.0749594168E-03   4.2520079994E-04  -2.8374290488E-03   2.5964422351E-03  -1.6829915970E-04
    6      3.5755157895E-02   2.6439422034E-04  -2.6688828640E-02   3.1777723861E-02  -5.7295908470E-03
    7     -1.9339613794E-01  -1.3265803700E-04   2.1221494402E-02  -9.9831674796E-03   4.9917069278E-03
    8     -2.4853923687E-04  -6.9377473627E-02  -2.9966784398E-03   3.0811256751E-05   6.3972812143E-03
    9      1.0009792682E-01   1.3428672434E-02  -5.1751159888E-01   5.1731508113E-03   4.5509871212E-02
   10      6.0798740610E-01   4.2731370796E-03   6.5250325734E-03  -1.0433281750E-01  -5.9421470534E-03
   11      4.2731370796E-03   1.4318219188E-01  -1.1052293001E-02  -2.4694907390E-03  -2.6880833671E-02
   12      6.5250325734E-03  -1.1052293001E-02   8.2362554255E-01  -1.1174256410E-01  -4.8509880913E-02
   13     -1.0433281750E-01  -2.4694907390E-03  -1.1174256410E-01   6.2092111407E-01   1.2872079164E-02
   14     -5.9421470534E-03  -2.6880833671E-02  -4.8509880913E-02   1.2872079164E-02   7.2602087668E-02
   15     -1.4000107453E-03   3.6445818527E-04  -5.9471926401E-03  -3.9047469654E-03   1.1268955231E-02
   16     -3.0413866055E-03   7.7760175654E-05  -1.0346764081E-02  -4.5291213821E-03   3.1282800516E-02
   17      4.9530298017E-04   9.2314768367E-04   1.3367380626E-03   1.2128840757E-03  -4.3545883904E-04
   18     -8.1741559789E-04  -6.8820232612E-04  -7.7510197692E-03  -1.9947454602E-03  -4.4005141723E-03
   19     -5.4452156938E-03   1.5484470610E-04  -2.3347612443E-02  -2.0593706374E-03  -1.8520704331E-02
   20     -2.3887236598E-04   3.2303646722E-04   3.9059400481E-03   1.2266178648E-03   2.1000089034E-03
   21     -2.0893039175E-03  -4.1748193599E-04  -4.5637215861E-03   2.2479600196E-03   4.3842661056E-04
   22     -1.9379175403E-03  -3.3930450530E-04   2.6236722419E-03  -2.1214698599E-03  -8.3403630068E-05
   23     -1.9255173514E-03   9.7435042196E-06   1.8780570561E-03  -2.1435509428E-03   3.5998926798E-04
   24      6.3147849553E-04  -4.3789287128E-04  -1.3191172675E-03  -5.6525020673E-04   2.3499422193E-04
   25      3.9991207503E-04  -2.1341071899E-04   2.2017275574E-03   2.9090749926E-04   4.5707920173E-04
   26     -7.1246220359E-05   4.2660022460E-05   7.2208607021E-04  -3.6797765458E-05   4.4637893184E-04
   27      2.6173064266E-03   4.7335056555E-03  -8.4129667822E-04   7.3688113600E-04   7.7817715148E-04
   28     -2.0026469376E-03  -2.2252279322E-02   1.9890481510E-03  -5.3879172989E-03   5.9637198458E-04
   29      1.0251229405E-03   2.1325499107E-03  -3.4985537585E-04  -2.0098852400E-04   2.2579634528E-04
   30      5.1988261101E-03  -9.6318769878E-03   1.3485656159E-04   1.5502668473E-03   1.4646488548E-04
   31     -7.2240788534E-03   2.9066685883E-02   7.7601371236E-04  -3.5781220197E-03  -9.0844786649E-05
   32      1.8818594118E-03   1.5951685005E-03   1.5072055808E-03   4.7732280573E-04   9.8958324686E-04
   33     -1.3163679874E-01  -6.6105492700E-03  -1.1270728605E-02  -2.8175505021E-02  -1.4204978876E-03
   34     -2.5008798911E-01  -6.0569993561E-03   4.8987754190E-03   5.4700887875E-03  -9.0721664522E-04
   35     -7.0977673133E-03  -3.8065598488E-02  -1.6260655571E-03   4.0077353594E-04   3.7281042272E-03
   36      2.7920338400E-02   1.7794877910E-03  -1.4884125404E-01   1.3227641738E-01   1.3974187370E-02
   37      5.3727765122E-03   3.4163744072E-04   1.3693825506E-01  -2.5779267987E-01  -1.7548134148E-02
   38      2.5122481302E-03   3.5863850907E-03   1.4500636455E-02  -1.6985991623E-02  -3.5568085317E-02
   39     -8.5012238852E-04   2.8490999132E-03  -3.3953673706E-03  -1.9390115153E-04  -1.3926458455E-02
   40     -1.1159013249E-03  -2.5077534039E-04   1.4089551025E-03  -9.5593168271E-03  -2.1696943673E-03
   41      2.0810921635E-03  -2.1546171793E-02   4.1544424088E-02  -6.1466761817E-03   4.2277776767E-02
   42      1.2324169867E-03  -1.4004334524E-03  -2.5271382955E-03  -5.7076995565E-04  -1.2904984098E-03
   43     -5.0116632272E-04   6.1489911604E-04  -2.9685013429E-03   6.0081117413E-04  -2.0884190206E-03
   44      2.3487501952E-03  -2.5952715936E-03   1.1708764196E-03   4.9049982649E-03   2.8846494793E-03
                   15                 16                 17                 18                 19        
    0     -7.2887233855E-02  -1.3855649661E-02   7.3117909810E-02  -2.0284386890E-01  -2.6628860178E-02
    1     -1.1916463732E-02  -5.2914816229E-02   3.7551515111E-02  -2.7148086666E-02  -5.2550492762E-02
    2      7.4288340207E-02   4.0623622528E-02  -2.6865773011E-01  -1.2967489517E-01  -2.2898759951E-02
    3     -5.7461282990E-03   6.0223279340E-03   2.9486620095E-04  -1.5600005270E-02   1.5758659984E-02
    4     -3.6998706158E-03   1.3118151935E-03   3.6377603277E-04  -4.6062475625E-03   3.5929954157E-03
    5      2.2217328681E-02  -2.0552341795E-02  -5.3134305149E-03  -1.2462979359E-02   1.2058761046E-02
    6     -5.0522643045E-04   8.4666335439E-05   1.0206371529E-03  -2.5105508759E-03   1.8787346708E-03
    7     -1.6996435114E-04  -2.5498501771E-04  -4.8428198636E-04   1.9965145761E-03  -3.0461897519E-03
    8      1.2252620022E-03   5.0630259812E-04  -2.7935886645E-04   2.5160094027E-04  -1.3522516885E-03
    9     -4.4921176157E-04  -1.6810853531E-03  -1.7456454018E-03  -1.4006992786E-03  -3.9357495602E-03
   10     -1.4000107453E-03  -3.0413866055E-03   4.9530298017E-04  -8.1741559789E-04  -5.4452156938E-03
   11      3.6445818527E-04   7.7760175654E-05   9.2314768367E-04  -6.8820232612E-04   1.5484470610E-04
   12     -5.9471926401E-03  -1.0346764081E-02   1.3367380626E-03  -7.7510197692E-03  -2.3347612443E-02
   13     -3.9047469654E-03  -4.5291213821E-03   1.2128840757E-03  -1.9947454602E-03  -2.0593706374E-03
   14      1.1268955231E-02   3.1282800516E-02  -4.3545883904E-04  -4.4005141723E-03  -1.8520704331E-02
   15      7.8428789312E-02   1.4776878876E-02  -8.3591799953E-02   8.6795775368E-03   4.8192241036E-03
   16      1.4776878876E-02   5.9202795468E-02  -4.3307417730E-02   1.9443359992E-03   8.5824058274E-04
   17     -8.3591799953E-02  -4.3307417730E-02   2.9214306132E-01   7.0086184841E-03   3.8041895630E-03
   18      8.6795775368E-03   1.9443359992E-03   7.0086184841E-03   2.2195748994E-01   3.0934977614E-02
   19      4.8192241036E-03   8.5824058274E-04   3.8041895630E-03   3.0934977614E-02   5.6062764867E-02
   20     -2.2963427711E-02  -4.6562908069E-03  -1.9616814421E-02   1.4050856419E-01   2.6855518854E-02
   21      1.6873343777E-03  -9.8722542055E-04  -9.3260085391E-05  -9.9036957333E-04   6.3292137193E-04
   22     -5.0116597587E-04   1.0993110502E-03  -4.2406587227E-04   5.5560117686E-04  -7.8796517600E-04
   23     -4.7675025511E-04   1.0624832489E-05   1.1753458222E-03   1.1191627509E-04   5.8650274729E-05
   24     -3.1079044113E-03   4.2212004771E-03   1.4049856580E-03   1.2078910456E-03  -9.2832010593E-04
   25      1.9598721069E-03  -1.7383581824E-03  -8.6295610681E-04  -4.9236175913E-04   1.2493414958E-03
   26      8.5407281955E-04  -1.0903603540E-03   1.0366796260E-03  -3.8792711958E-05   2.9799809130E-04
   27     -6.3212695194E-04   2.6208076217E-04   7.8325691469E-05  -6.5921615383E-04   4.8675203136E-04
   28     -8.0231075628E-05   4.9927927890E-04   1.9004136174E-05  -4.5893983756E-04   4.7890382518E-04
   29     -5.0850026982E-04   2.3364323668E-04  -3.5503547258E-05  -2.1852086465E-04   1.2061398909E-04
   30     -6.3891657230E-05   3.3888432614E-05   3.1335432543E-04  -6.5247770695E-04   1.3258550976E-04
   31      3.6746205714E-05   1.0057931670E-04   1.7447579444E-04  -2.5826059475E-04   4.4442967491E-04
   32     -2.9883833146E-04   1.5872433127E-04  -3.0903553321E-04  -7.3995549268E-05   1.5664040263E-05
   33     -1.8937551448E-04  -3.6932452712E-04   4.9574528904E-05  -4.4553108971E-04  -1.2603681621E-03
   34     -8.0243788439E-05   1.8928899600E-04   9.8842324267E-05  -1.7376045727E-04   2.3940647124E-04
   35     -1.0800839195E-03  -2.0851729485E-03  -5.8194295346E-05   6.0006315505E-04   1.7176527961E-03
   36      9.1378738647E-05   8.3622325120E-04   3.8782205882E-04   1.5812999052E-04   7.5665415256E-04
   37     -1.3239968864E-04   2.0407371489E-04   6.3670999946E-04  -3.1299056304E-04   5.0956715696E-04
   38     -8.5910022631E-05  -9.2284562580E-04  -1.0300664929E-04   2.2443915696E-04   2.5095255137E-04
   39      4.3067441665E-04  -8.9332795904E-04   3.1181253614E-04   5.1000331367E-04   3.7873170374E-04
   40      1.7788414757E-04  -1.4657247045E-03   6.4354908908E-04   6.7192332870E-04   1.0473607675E-04
   41     -1.0160399155E-03  -8.0600394428E-04  -2.3905474699E-04  -8.1663258184E-04  -2.6253568135E-03
   42      2.1053713932E-04  -4.1443946384E-05   1.2299893557E-04   3.4064678975E-04   2.7429696921E-04
   43      1.0771037946E-04   4.7900852073E-04   8.5492680211E-05   2.0682814104E-04   3.4884845530E-04
   44     -2.1400475337E-04   5.1993489464E-04  -2.3064692425E-04  -3.6422601375E-04   7.8099373140E-05
                   20                 21                 22                 23                 24        
    0     -1.3400594150E-01   1.1657163520E-03  -1.9200674666E-03   5.7180168172E-04  -3.3137723492E-03
    1     -2.5052907430E-02   2.1960628322E-02  -1.1958839391E-02  -8.9782881415E-03   6.9469465485E-03
    2     -1.5496080187E-01  -1.3182746006E-02   8.2870737954E-03   3.1665232702E-03   2.7507310849E-02
    3      8.2212090333E-03  -4.6943471622E-02  -3.4125742864E-04   1.8068497256E-04  -4.3432122008E-02
    4      1.8056187281E-03  -2.3194513309E-04  -2.4388788880E-01   1.2138289298E-01  -1.2180912162E-03
    5      4.7444885324E-03   1.4057112422E-04   1.1789366597E-01  -1.2147507778E-01  -4.8627860888E-03
    6      2.4081454720E-03   7.8016960211E-04   1.9035875262E-03  -7.2920181267E-04  -4.3542075950E-03
    7     -7.1978651603E-04  -2.2467525689E-02  -1.1402222965E-02  -8.2963122527E-03  -7.1233063097E-03
    8      1.7529048140E-04   1.3324429931E-02   7.9255123918E-03   2.8280338448E-03  -2.7755145870E-02
    9      1.8075434139E-04  -4.2452601660E-03  -2.4621293704E-03  -1.6894536908E-03  -1.0292271626E-03
   10     -2.3887236598E-04  -2.0893039175E-03  -1.9379175403E-03  -1.9255173514E-03   6.3147849553E-04
   11      3.2303646722E-04  -4.1748193599E-04  -3.3930450530E-04   9.7435042196E-06  -4.3789287128E-04
   12      3.9059400481E-03  -4.5637215861E-03   2.6236722419E-03   1.8780570561E-03  -1.3191172675E-03
   13      1.2266178648E-03   2.2479600196E-03  -2.1214698599E-03  -2.1435509428E-03  -5.6525020673E-04
   14      2.1000089034E-03   4.3842661056E-04  -8.3403630068E-05   3.5998926798E-04   2.3499422193E-04
   15     -2.2963427711E-02   1.6873343777E-03  -5.0116597587E-04  -4.7675025511E-04  -3.1079044113E-03
   16     -4.6562908069E-03  -9.8722542055E-04   1.0993110502E-03   1.0624832489E-05   4.2212004771E-03
   17     -1.9616814421E-02  -9.3260085391E-05  -4.2406587227E-04   1.1753458222E-03   1.4049856580E-03
   18      1.4050856419E-01  -9.9036957333E-04   5.5560117686E-04   1.1191627509E-04   1.2078910456E-03
   19      2.6855518854E-02   6.3292137193E-04  -7.8796517600E-04   5.8650274729E-05  -9.2832010593E-04
   20      1.6641908939E-01  -1.4240779414E-04  -2.0589900339E-04   5.7758233266E-05   3.7425615216E-04
   21     -1.4240779414E-04   5.1123703949E-02   3.2830324842E-04  -1.2354831332E-04  -3.4214073110E-04
   22     -2.0589900339E-04   3.2830324842E-04   2.6482948978E-01  -1.2841302341E-01   6.2191763662E-05
   23      5.7758233266E-05  -1.2354831332E-04  -1.2841302341E-01   1.2775494614E-01   1.2118796176E-04
   24      3.7425615216E-04  -3.4214073110E-04   6.2191763662E-05   1.2118796176E-04   5.7630590466E-02
   25      1.8595336258E-04   5.0280954039E-04   6.9243883916E-03   2.8362330993E-02   1.1676028971E-03
   26      1.3132276661E-03  -2.6492825874E-04  -3.3448514496E-03  -1.4679828382E-02   4.9403258221E-03
   27      3.1620930615E-04  -1.1226148371E-03  -5.4632563690E-04  -8.8577002054E-05   1.2290023419E-03
   28      2.0522378150E-04  -8.0685255998E-04  -7.5459491794E-04   8.2855476623E-05   8.8265542306E-04
   29      5.8371340604E-05   1.6906545710E-04  -1.9508069855E-04   8.4697265233E-05  -3.1775158807E-04
   30      4.7013469942E-04   1.6994487098E-03   4.5742546050E-04   4.2991039766E-04  -3.2360560362E-03
   31      2.3620719716E-04   8.7775667200E-04   1.0827865642E-03  -3.1780345860E-05  -4.0402402913E-03
   32     -4.2026340020E-05   1.0377493282E-04  -4.0383785490E-04   1.1710013775E-03  -1.3384279570E-03
   33      3.4754691586E-04   7.8712634023E-04   3.8839100964E-04   1.8454893608E-04   1.4773993678E-04
   34      1.2749456790E-04  -1.1123759149E-03  -6.9542038960E-04  -5.0637593799E-04  -2.4425227491E-04
   35     -6.4092782292E-05  -2.1635523323E-04  -1.5438833428E-04   8.7303346422E-05   3.7621603695E-04
   36     -2.8665307382E-04   7.9833901275E-04  -4.4142183692E-04  -2.3487418996E-04   1.6606190369E-04
   37     -3.4118974637E-04   1.0841613423E-03  -7.4152383701E-04  -5.4222229767E-04   1.9345916373E-04
   38      2.8187418212E-05   1.0609387612E-04  -8.8706629162E-05   5.9810219953E-05  -3.0198527263E-04
   39      8.1320574759E-04   1.2559862436E-04  -1.9117254197E-05  -5.7978486977E-05  -2.9156399529E-04
   40      7.1519091607E-04  -8.6873814111E-06   1.6385022444E-04   7.6659555700E-04   2.4470666526E-04
   41      3.7046339806E-05   1.9941861866E-04  -3.2671154440E-04  -5.9732830147E-04   7.2933987210E-05
   42     -1.1397927134E-04   4.0141547454E-05  -7.4620927371E-05  -8.9799189549E-05   4.4825861820E-05
   43     -1.5875190447E-04   5.6308969512E-05   1.8801686845E-04   1.9124022604E-04  -2.3086096449E-04
   44     -5.7276936132E-04  -2.8977264195E-05  -1.4509889518E-04  -2.9178331601E-06  -3.3513145850E-05
                   25                 26                 27                 28                 29        
    0      1.9182305788E-04   4.9901728838E-04  -2.7909360346E-03  -1.7622673490E-03  -2.2488810619E-03
    1     -3.5942183166E-03  -4.2452158741E-04  -2.1591632701E-03  -3.0367279781E-03  -7.1663190996E-04
    2     -1.8049151444E-02  -6.5530030290E-03  -1.3784233862E-04  -1.5054870237E-03   4.3068469185E-04
    3     -1.1544648858E-03  -4.7081912094E-03  -1.5507337548E-02  -1.4397959006E-02  -7.6750230259E-03
    4     -6.1098882085E-02  -5.3779866311E-02   4.7244491796E-03   3.4213150841E-03   1.6922757788E-03
    5     -5.0036158654E-02  -3.1041419998E-01   1.3734290981E-02   1.2299486184E-02   4.6212164688E-03
    6     -6.6779793362E-04  -3.8556588459E-04  -1.8544225749E-01   2.5778349785E-02   1.3249500891E-01
    7     -3.5476185834E-03  -9.2611273314E-05   2.4667622479E-02  -5.2667028710E-02  -2.5304274884E-02
    8     -1.7278730364E-02  -5.2467884950E-03   1.2956869178E-01  -2.4656795327E-02  -1.6558908649E-01
    9     -2.2493030117E-03  -5.5709360539E-04  -7.6554436231E-03   2.4138384631E-02  -3.1953584749E-03
   10      3.9991207503E-04  -7.1246220359E-05   2.6173064266E-03  -2.0026469376E-03   1.0251229405E-03
   11     -2.1341071899E-04   4.2660022460E-05   4.7335056555E-03  -2.2252279322E-02   2.1325499107E-03
   12      2.2017275574E-03   7.2208607021E-04  -8.4129667822E-04   1.9890481510E-03  -3.4985537585E-04
   13      2.9090749926E-04  -3.6797765458E-05   7.3688113600E-04  -5.3879172989E-03  -2.0098852400E-04
   14      4.5707920173E-04   4.4637893184E-04   7.7817715148E-04   5.9637198458E-04   2.2579634528E-04
   15      1.9598721069E-03   8.5407281955E-04  -6.3212695194E-04  -8.0231075628E-05  -5.0850026982E-04
   16     -1.7383581824E-03  -1.0903603540E-03   2.6208076217E-04   4.9927927890E-04   2.3364323668E-04
   17     -8.6295610681E-04   1.0366796260E-03   7.8325691469E-05   1.9004136174E-05  -3.5503547258E-05
   18     -4.9236175913E-04  -3.8792711958E-05  -6.5921615383E-04  -4.5893983756E-04  -2.1852086465E-04
   19      1.2493414958E-03   2.9799809130E-04   4.8675203136E-04   4.7890382518E-04   1.2061398909E-04
   20      1.8595336258E-04   1.3132276661E-03   3.1620930615E-04   2.0522378150E-04   5.8371340604E-05
   21      5.0280954039E-04  -2.6492825874E-04  -1.1226148371E-03  -8.0685255998E-04   1.6906545710E-04
   22      6.9243883916E-03  -3.3448514496E-03  -5.4632563690E-04  -7.5459491794E-04  -1.9508069855E-04
   23      2.8362330993E-02  -1.4679828382E-02  -8.8577002054E-05   8.2855476623E-05   8.4697265233E-05
   24      1.1676028971E-03   4.9403258221E-03   1.2290023419E-03   8.8265542306E-04  -3.1775158807E-04
   25      6.1759721668E-02   5.7889153383E-02   4.7341057142E-04   1.2396924381E-03   1.7560938843E-04
   26      5.7889153383E-02   3.3287442426E-01   3.5975864564E-06   3.2415659944E-04   1.4233751594E-03
   27      4.7341057142E-04   3.5975864564E-06   2.0422298259E-01  -2.9700156788E-02  -1.4022633628E-01
   28      1.2396924381E-03   3.2415659944E-04  -2.9700156788E-02   5.5905984435E-02   2.7933668043E-02
   29      1.7560938843E-04   1.4233751594E-03  -1.4022633628E-01   2.7933668043E-02   1.7815807747E-01
   30     -1.8753725308E-03  -6.9574172036E-04   8.7107470067E-03  -5.5000968058E-03   2.1860748909E-02
   31     -1.5838890403E-03  -9.4568672137E-04  -1.9614843568E-03   1.3339602746E-03  -4.3800581041E-03
   32     -7.9147829581E-04   1.0995029584E-03  -8.0709043743E-03   5.0145287795E-03  -2.1435938087E-02
   33      4.6236764474E-05   5.8537017464E-07   1.5526651989E-04  -9.1885917167E-04   3.3086498241E-04
   34     -3.0106118683E-04  -1.1312041511E-04   3.6691471256E-04   5.5916559360E-04  -4.5910851137E-04
   35      2.9176573169E-04  -9.1159385199E-05  -3.0998815034E-04   6.3872825327E-04   7.4949084267E-05
   36     -8.1988304389E-05   7.9924917554E-06  -4.1631421057E-04   1.1082714951E-03  -2.1560484455E-04
   37     -2.4937907649E-04  -1.1950518706E-04   1.7335267695E-04   1.5681117187E-04   1.1750053269E-04
   38      1.8677672970E-04  -9.7807239550E-05  -6.5830303072E-04   1.8143678942E-03  -1.3031045533E-04
   39     -5.4722581200E-05  -2.6440223886E-04   8.6859914943E-04  -6.5643137805E-04   1.5402101193E-04
   40     -1.0886485159E-04   1.2345896176E-03  -2.8359372109E-04   2.1133020235E-04  -8.2747289259E-05
   41     -2.7198470011E-04  -1.3111031137E-03   3.1089784735E-04  -5.0852458933E-04   2.9131430196E-05
   42      3.2608446335E-05  -9.7669714780E-05  -1.1905408401E-04   3.7323462731E-04  -1.8956470667E-05
   43      3.5830775500E-04   2.6962090134E-04   1.5380365554E-04   4.2473538569E-05   7.7858109011E-05
   44     -4.1749815086E-05   1.5764100413E-04  -6.6665842260E-05  -4.2706967792E-05  -4.8010583111E-05
                   30                 31                 32                 33                 34        
    0     -6.5248206822E-04  -2.1993846424E-04  -9.1398131932E-04  -4.6415089274E-03   1.5246326876E-03
    1      4.6730047986E-05  -2.7738204819E-04  -4.1542312595E-04   1.0341106950E-03  -3.6688197043E-04
    2     -1.3301364480E-03   4.8112001300E-04  -1.5807490225E-04  -1.1127186345E-03  -4.1927049087E-04
    3     -6.8555576995E-03  -6.8855669740E-03  -3.4098600118E-04  -1.6768705299E-03   1.6807320050E-03
    4      4.4839919989E-03   1.8195185909E-03   2.5871957289E-04   3.3529587736E-03  -3.6011216236E-03
    5     -2.2027582817E-02  -1.9274131318E-02  -4.6207385791E-03  -3.5574552128E-04   1.1092704529E-03
    6     -7.9446858030E-02   1.8800298387E-02  -8.1888298205E-02   1.0698362263E-02  -1.7179303974E-02
    7      1.6079572789E-02  -5.4460970306E-02   4.3840521519E-02   1.0139204792E-02  -9.5847081046E-03
    8     -8.3428384429E-02   4.8974797900E-02  -2.5437917654E-01   1.2833294274E-03  -1.5675743931E-03
    9     -6.6592804442E-03   1.3610921609E-02  -1.0597271927E-03  -1.5067274703E-01  -1.3628621856E-01
   10      5.1988261101E-03  -7.2240788534E-03   1.8818594118E-03  -1.3163679874E-01  -2.5008798911E-01
   11     -9.6318769878E-03   2.9066685883E-02   1.5951685005E-03  -6.6105492700E-03  -6.0569993561E-03
   12      1.3485656159E-04   7.7601371236E-04   1.5072055808E-03  -1.1270728605E-02   4.8987754190E-03
   13      1.5502668473E-03  -3.5781220197E-03   4.7732280573E-04  -2.8175505021E-02   5.4700887875E-03
   14      1.4646488548E-04  -9.0844786649E-05   9.8958324686E-04  -1.4204978876E-03  -9.0721664522E-04
   15     -6.3891657230E-05   3.6746205714E-05  -2.9883833146E-04  -1.8937551448E-04  -8.0243788439E-05
   16      3.3888432614E-05   1.0057931670E-04   1.5872433127E-04  -3.6932452712E-04   1.8928899600E-04
   17      3.1335432543E-04   1.7447579444E-04  -3.0903553321E-04   4.9574528904E-05   9.8842324267E-05
   18     -6.5247770695E-04  -2.5826059475E-04  -7.3995549268E-05  -4.4553108971E-04  -1.7376045727E-04
   19      1.3258550976E-04   4.4442967491E-04   1.5664040263E-05  -1.2603681621E-03   2.3940647124E-04
   20      4.7013469942E-04   2.3620719716E-04  -4.2026340020E-05   3.4754691586E-04   1.2749456790E-04
   21      1.6994487098E-03   8.7775667200E-04   1.0377493282E-04   7.8712634023E-04  -1.1123759149E-03
   22      4.5742546050E-04   1.0827865642E-03  -4.0383785490E-04   3.8839100964E-04  -6.9542038960E-04
   23      4.2991039766E-04  -3.1780345860E-05   1.1710013775E-03   1.8454893608E-04  -5.0637593799E-04
   24     -3.2360560362E-03  -4.0402402913E-03  -1.3384279570E-03   1.4773993678E-04  -2.4425227491E-04
   25     -1.8753725308E-03  -1.5838890403E-03  -7.9147829581E-04   4.6236764474E-05  -3.0106118683E-04
   26     -6.9574172036E-04  -9.4568672137E-04   1.0995029584E-03   5.8537017464E-07  -1.1312041511E-04
   27      8.7107470067E-03  -1.9614843568E-03  -8.0709043743E-03   1.5526651989E-04   3.6691471256E-04
   28     -5.5000968058E-03   1.3339602746E-03   5.0145287795E-03  -9.1885917167E-04   5.5916559360E-04
   29      2.1860748909E-02  -4.3800581041E-03  -2.1435938087E-02   3.3086498241E-04  -4.5910851137E-04
   30      8.7017017589E-02  -2.0828540170E-02   9.2891129970E-02  -1.7138416728E-05   2.0037009383E-04
   31     -2.0828540170E-02   6.2045794600E-02  -5.0919254116E-02  -6.2691398916E-04  -1.8084486178E-05
   32      9.2891129970E-02  -5.0919254116E-02   2.7670235955E-01  -4.4014340675E-04   6.1345056327E-04
   33     -1.7138416728E-05  -6.2691398916E-04  -4.4014340675E-04   1.5609783232E-01   1.4704297463E-01
   34      2.0037009383E-04  -1.8084486178E-05   6.1345056327E-04   1.4704297463E-01   2.5726890173E-01
   35     -5.8631782685E-05  -9.7126488863E-04  -1.3410542977E-04   6.4674518954E-03   7.2739724182E-03
   36     -2.6709763281E-04   5.0797374057E-04   2.7871194576E-05   9.8442244739E-04  -7.8071840291E-04
   37      7.3839280151E-05   2.4348811746E-04   9.3985467539E-05   7.3557270041E-04   4.1815694554E-04
   38      9.4630750929E-04  -2.1664467432E-03  -2.1235270807E-04   3.1741541702E-04   1.0857176082E-04
   39      3.2124131956E-04  -6.4118736617E-05  -1.6006981948E-04   2.4393439987E-04   4.6874224419E-04
   40     -1.1646730319E-04  -6.7038355460E-05   1.1939833202E-04   3.5369325651E-04   2.1572879818E-04
   41     -5.6236081785E-07  -3.1536481137E-05  -2.6716999630E-04   1.5180844002E-03   9.6064877527E-04
   42     -3.2471494364E-05   2.4035888261E-04   6.1021443419E-05  -2.0078411114E-04  -3.4893877210E-04
   43      9.7974607607E-05   1.3900797071E-04   4.8103544129E-05  -8.2702656494E-05   2.9452954923E-04
   44      1.0923488359E-04  -1.1456825800E-04   1.0024775870E-06  -5.5316710252E-04  -2.6445776192E-04
                   35                 36                 37                 38                 39        
    0      5.6168599011E-04   1.0838182212E-02   1.6452374552E-02  -1.9995756065E-03  -1.3906609691E-03
    1      4.8983641359E-05  -1.0539900724E-02  -1.0190315333E-02   1.3798560289E-03  -2.1226514315E-03
    2      9.9215731238E-03  -2.3560841807E-03  -2.8088167182E-03   2.5208694609E-03   4.9345264020E-03
    3     -2.9145071553E-04  -1.7239977440E-03  -1.6531055069E-03   7.8511511908E-05  -3.4255682430E-04
    4     -8.9630615303E-05  -3.5146336801E-03  -3.5311876896E-03   3.1566773808E-04  -3.2233558291E-06
    5      1.8024203525E-03   4.6479501631E-04   1.3471140798E-03   1.5254467424E-03   3.0880412372E-04
    6      1.1444004807E-03  -4.4122581659E-03  -1.5247488588E-03  -4.2447670134E-04  -6.0401392938E-04
    7      4.2542087709E-04  -9.7507055938E-04  -3.2136513839E-04  -2.5741151961E-04   3.9523400183E-04
    8      2.5276609173E-03   5.6547593701E-04  -6.5318684388E-04   1.0015703633E-02  -8.7394917123E-04
    9     -4.5244524958E-03  -9.6108504052E-03  -4.7368685901E-03  -2.9619245891E-03  -6.8001136005E-04
   10     -7.0977673133E-03   2.7920338400E-02   5.3727765122E-03   2.5122481302E-03  -8.5012238852E-04
   11     -3.8065598488E-02   1.7794877910E-03   3.4163744072E-04   3.5863850907E-03   2.8490999132E-03
   12     -1.6260655571E-03  -1.4884125404E-01   1.3693825506E-01   1.4500636455E-02  -3.3953673706E-03
   13      4.0077353594E-04   1.3227641738E-01  -2.5779267987E-01  -1.6985991623E-02  -1.9390115153E-04
   14      3.7281042272E-03   1.3974187370E-02  -1.7548134148E-02  -3.5568085317E-02  -1.3926458455E-02
   15     -1.0800839195E-03   9.1378738647E-05  -1.3239968864E-04  -8.5910022631E-05   4.3067441665E-04
   16     -2.0851729485E-03   8.3622325120E-04   2.0407371489E-04  -9.2284562580E-04  -8.9332795904E-04
   17     -5.8194295346E-05   3.8782205882E-04   6.3670999946E-04  -1.0300664929E-04   3.1181253614E-04
   18      6.0006315505E-04   1.5812999052E-04  -3.1299056304E-04   2.2443915696E-04   5.1000331367E-04
   19      1.7176527961E-03   7.5665415256E-04   5.0956715696E-04   2.5095255137E-04   3.7873170374E-04
   20     -6.4092782292E-05  -2.8665307382E-04  -3.4118974637E-04   2.8187418212E-05   8.1320574759E-04
   21     -2.1635523323E-04   7.9833901275E-04   1.0841613423E-03   1.0609387612E-04   1.2559862436E-04
   22     -1.5438833428E-04  -4.4142183692E-04  -7.4152383701E-04  -8.8706629162E-05  -1.9117254197E-05
   23      8.7303346422E-05  -2.3487418996E-04  -5.4222229767E-04   5.9810219953E-05  -5.7978486977E-05
   24      3.7621603695E-04   1.6606190369E-04   1.9345916373E-04  -3.0198527263E-04  -2.9156399529E-04
   25      2.9176573169E-04  -8.1988304389E-05  -2.4937907649E-04   1.8677672970E-04  -5.4722581200E-05
   26     -9.1159385199E-05   7.9924917554E-06  -1.1950518706E-04  -9.7807239550E-05  -2.6440223886E-04
   27     -3.0998815034E-04  -4.1631421057E-04   1.7335267695E-04  -6.5830303072E-04   8.6859914943E-04
   28      6.3872825327E-04   1.1082714951E-03   1.5681117187E-04   1.8143678942E-03  -6.5643137805E-04
   29      7.4949084267E-05  -2.1560484455E-04   1.1750053269E-04  -1.3031045533E-04   1.5402101193E-04
   30     -5.8631782685E-05  -2.6709763281E-04   7.3839280151E-05   9.4630750929E-04   3.2124131956E-04
   31     -9.7126488863E-04   5.0797374057E-04   2.4348811746E-04  -2.1664467432E-03  -6.4118736617E-05
   32     -1.3410542977E-04   2.7871194576E-05   9.3985467539E-05  -2.1235270807E-04  -1.6006981948E-04
   33      6.4674518954E-03   9.8442244739E-04   7.3557270041E-04   3.1741541702E-04   2.4393439987E-04
   34      7.2739724182E-03  -7.8071840291E-04   4.1815694554E-04   1.0857176082E-04   4.6874224419E-04
   35      2.4387643728E-02  -2.3199287277E-04   1.8731568657E-04  -4.8191193276E-03  -2.3041479813E-04
   36     -2.3199287277E-04   1.5217331236E-01  -1.4665093888E-01  -1.3611995116E-02   4.5159080203E-04
   37      1.8731568657E-04  -1.4665093888E-01   2.6466235598E-01   1.7071022063E-02  -9.3485429051E-04
   38     -4.8191193276E-03  -1.3611995116E-02   1.7071022063E-02   3.2001322921E-02   2.9448429089E-03
   39     -2.3041479813E-04   4.5159080203E-04  -9.3485429051E-04   2.9448429089E-03   1.1711212905E-01
   40     -3.7597634038E-04  -6.1108682604E-04   1.1261798886E-03  -3.0417175775E-03   2.1667247420E-01
   41      8.9312607675E-04  -7.2190497079E-04   2.3049438710E-03  -8.5242130463E-03  -1.9427125936E-02
   42     -5.8696208383E-04  -3.8964526795E-04   2.8640174550E-04   9.1695927599E-04  -1.1335959663E-01
   43     -2.0853985074E-04   1.9837064514E-04   1.3304145585E-04  -2.2357436831E-04  -2.1213861405E-01
   44     -1.9051114824E-04   4.6044161663E-04  -3.9943009370E-05  -2.8283074351E-04   2.2644994504E-02
                   40                 41                 42                 43                 44        
    0     -2.8629813013E-03  -1.3379236856E-03  -5.5812332367E-04   5.6049127276E-04   1.6707827392E-03
    1     -2.6620165983E-03   7.7168869488E-04   2.0501302269E-04   1.8779777964E-04   1.3520864143E-03
    2      7.7180266652E-03  -5.3140028606E-03   1.7935988488E-04  -9.0960585781E-04  -2.5400671039E-03
    3     -4.5565553468E-05  -5.9317545461E-04  -1.9572069901E-04  -1.3067888278E-04   2.6431444609E-04
    4     -1.2040380931E-03   1.4257476452E-03   3.1094227494E-04  -6.1748593004E-04  -4.0936214494E-04
    5      1.4381209084E-05   1.4253810121E-03  -2.8901118487E-05  -2.3439142715E-04  -1.8515617754E-05
    6      2.6430201840E-04   1.7635357975E-03  -4.1534693927E-04  -4.0342042817E-04  -1.8560908441E-04
    7     -5.7286224309E-04  -1.8007865479E-03   2.3467343657E-04  -2.2596584798E-04   1.9926374698E-04
    8      7.4444156923E-04   1.6159922285E-03  -3.8404658162E-04   1.7935607201E-05  -1.1465082213E-04
    9     -2.9891256357E-03  -5.0652279511E-02   2.5747007064E-03   3.9583154380E-03   1.3319225983E-03
   10     -1.1159013249E-03   2.0810921635E-03   1.2324169867E-03  -5.0116632272E-04   2.3487501952E-03
   11     -2.5077534039E-04  -2.1546171793E-02  -1.4004334524E-03   6.1489911604E-04  -2.5952715936E-03
   12      1.4089551025E-03   4.1544424088E-02  -2.5271382955E-03  -2.9685013429E-03   1.1708764196E-03
   13     -9.5593168271E-03  -6.1466761817E-03  -5.7076995565E-04   6.0081117413E-04   4.9049982649E-03
