
$orca_hessian_file

$act_atom
  0

$act_coord
  0

$act_energy
     -270.663381

$multiplicity
  1

$hessian
45
                    0                  1                  2                  3                  4        
    0      5.6831523881E-01   4.9364312342E-02   2.9964223425E-02  -1.3253795736E-01   4.2706525154E-02
    1      4.9364312342E-02   4.3334628236E-01  -2.4007474456E-03   4.8197278709E-02  -1.0408398615E-01
    2      2.9964223425E-02  -2.4007474456E-03   5.7134246844E-01   1.7001074561E-02  -1.5102380899E-02
    3     -1.3253795736E-01   4.8197278709E-02   1.7001074561E-02   3.9870265440E-01  -4.0623494563E-04
    4      4.2706525154E-02  -1.0408398615E-01  -1.5102380899E-02  -4.0623494563E-04   5.8325186937E-01
    5      2.0055009307E-02  -1.5433534655E-02  -8.5451015254E-02   2.2211113497E-03  -3.0894522863E-02
    6     -3.4270733175E-02  -3.7372280536E-03  -5.0578953175E-03  -1.3485339156E-01  -4.2752599233E-02
    7      4.5646946624E-03   6.3220526073E-03   4.5359569907E-03  -4.5872561987E-02  -1.0136920948E-01
    8      6.0620870497E-03   4.6836925703E-03  -2.8509912429E-03  -1.4930648416E-02  -1.3454787177E-02
    9     -2.7530974266E-02  -1.8763002256E-02   1.9247258445E-05   2.8954719672E-03  -2.1526472036E-02
   10     -3.1192949684E-02  -9.0257338507E-03  -1.1782354443E-03  -1.2048226290E-02  -3.5715663504E-02
   11      4.7373012159E-03   3.4156422098E-03   6.2543880478E-03   2.0969672529E-03  -6.1849110332E-03
   12     -9.6939873897E-02  -5.0826696252E-02   6.6741542089E-04   3.7192790600E-03   2.0711178073E-02
   13     -3.8041486000E-02  -1.9103826496E-01   4.1809524766E-03   1.1080040813E-02  -3.7423521776E-02
   14      4.7375156850E-03   4.7739216642E-03  -6.8871262932E-02  -1.8800433439E-03  -7.6307833287E-03
   15     -7.2882518478E-02  -1.1778523080E-02   7.3814080971E-02  -5.7293721897E-03  -3.7352740444E-03
   16     -1.3911452720E-02  -5.2850453865E-02   4.0614897059E-02   6.0377693893E-03   1.3048485644E-03
   17      7.3608140240E-02   3.7792376470E-02  -2.6871068409E-01   3.0030964101E-04   3.5030569611E-04
   18     -2.0290784201E-01  -2.6906161797E-02  -1.2956340349E-01  -1.5627910876E-02  -4.6220497409E-03
   19     -2.6846798398E-02  -5.2468180294E-02  -2.3023015771E-02   1.5800398494E-02   3.6090408140E-03
   20     -1.3414623543E-01  -2.4885304343E-02  -1.5495003705E-01   8.2643562258E-03   1.8103415087E-03
   21      1.1850782636E-03   2.2068211075E-02  -1.3187731403E-02  -4.6928569488E-02  -3.4859638999E-04
   22     -1.9244114595E-03  -1.1969791246E-02   8.2964946008E-03  -1.7304457748E-04  -2.4414925153E-01
   23      6.1040199770E-04  -9.0057710107E-03   3.1895701257E-03   1.0407351645E-04   1.2221699783E-01
   24     -3.3080167448E-03   7.0010368579E-03   2.7574646803E-02  -4.3399570302E-02  -1.2709716257E-03
   25      2.0455854266E-04  -3.5485690013E-03  -1.8034804225E-02  -1.0805094425E-03  -6.1062378283E-02
   26      5.4523865932E-04  -4.2365799765E-04  -6.5581648577E-03  -4.5100933602E-03  -5.3296415710E-02
   27     -2.7975720880E-03  -2.1445791312E-03  -1.5195165537E-04  -1.5517266670E-02   4.6682309538E-03
   28     -1.7634256836E-03  -3.0248323540E-03  -1.5202254010E-03  -1.4413683089E-02   3.4297804476E-03
   29     -2.2431764249E-03  -6.9222288829E-04   4.2255341524E-04  -7.6640325834E-03   1.6751142397E-03
   30     -6.4498223864E-04   6.0151696087E-05  -1.3268866546E-03  -6.8601490796E-03   4.4710948384E-03
   31     -2.0851643112E-04  -2.5607309299E-04   4.9413183607E-04  -6.8841013564E-03   1.8121705216E-03
   32     -8.9719030140E-04  -4.1076566645E-04  -1.3686765685E-04  -3.3018029872E-04   2.5832305490E-04
   33     -4.6355124111E-03   1.0407236777E-03  -1.0963529302E-03  -1.6745261790E-03   3.3652849062E-03
   34      1.5298019937E-03  -3.6387512067E-04  -4.2935692467E-04   1.6931829911E-03  -3.5924344612E-03
   35      5.7022842305E-04   6.7431250299E-05   9.9551439795E-03  -2.7594915190E-04  -8.5282899135E-05
   36      1.0823590862E-02  -1.0527992851E-02  -2.3215726011E-03  -1.7333649979E-03  -3.4995452320E-03
   37      1.6446858616E-02  -1.0146354747E-02  -2.8179137200E-03  -1.6531805928E-03  -3.5352747899E-03
   38     -2.0032305259E-03   1.3511420178E-03   2.5967445465E-03   9.9554665547E-05   3.0592989189E-04
   39     -1.3723530448E-03  -2.0935358395E-03   5.0046119440E-03  -3.1262142778E-04   1.3597731697E-05
   40     -2.8784070139E-03  -2.6744467472E-03   7.7352300096E-03  -1.9721827049E-05  -1.1490597139E-03
   41     -1.2675345614E-03   8.0495913975E-04  -5.2202505278E-03  -5.3796832058E-04   1.4778883887E-03
   42     -4.9557221835E-04  -9.6173218032E-04  -1.3364373940E-03  -1.4270530048E-04   2.1365806750E-03
   43      1.9584331624E-03   1.7822264620E-03  -1.4015151465E-03  -1.6815537301E-04  -1.3269300332E-03
   44     -3.3584769752E-04   4.1337068888E-04  -1.0115949410E-03   8.8282558897E-05  -1.4743030431E-03
                    5                  6                  7                  8                  9        
    0      2.0055009307E-02  -3.4270733175E-02   4.5646946624E-03   6.0620870497E-03  -2.7530974266E-02
    1     -1.5433534655E-02  -3.7372280536E-03   6.3220526073E-03   4.6836925703E-03  -1.8763002256E-02
    2     -8.5451015254E-02  -5.0578953175E-03   4.5359569907E-03  -2.8509912429E-03   1.9247258445E-05
    3      2.2211113497E-03  -1.3485339156E-01  -4.5872561987E-02  -1.4930648416E-02   2.8954719672E-03
    4     -3.0894522863E-02  -4.2752599233E-02  -1.0136920948E-01  -1.3454787177E-02  -2.1526472036E-02
    5      5.9992368321E-01  -1.8758368689E-02  -1.3208652993E-02  -8.4080560972E-02   1.7038384341E-03
    6     -1.8758368689E-02   5.5748893224E-01  -4.9158093256E-02  -2.6546968380E-02  -9.5095125416E-02
    7     -1.3208652993E-02  -4.9158093256E-02   4.3304943270E-01  -3.1613757292E-03   4.7394446173E-02
    8     -8.4080560972E-02  -2.6546968380E-02  -3.1613757292E-03   5.5694927541E-01   4.3571936857E-03
    9      1.7038384341E-03  -9.5095125416E-02   4.7394446173E-02   4.3571936857E-03   8.2215871165E-01
   10      2.0320141948E-03   3.6189655309E-02  -1.9355467452E-01  -3.1108446299E-04   9.8707281734E-02
   11      4.3959251126E-04   2.3350118082E-04  -6.2080278569E-05  -6.9402069797E-02   1.3492465540E-02
   12     -2.8152012096E-03  -2.6829827846E-02   2.1155409894E-02  -3.0279188456E-03  -5.1821481576E-01
   13      2.5305394650E-03   3.1756350638E-02  -9.9964362350E-03   1.8596469550E-05   4.7956802252E-03
   14     -2.0362789935E-04  -5.8007426709E-03   4.9309139946E-03   6.3995575945E-03   4.5104071126E-02
   15      2.2206268353E-02  -4.8621321794E-04  -1.5719854205E-04   1.2432680624E-03  -4.0489794064E-04
   16     -2.0533232122E-02   1.1702595507E-04  -2.2930531021E-04   5.1112791609E-04  -1.6330476653E-03
   17     -5.3065189606E-03   1.0013293444E-03  -4.8051774809E-04  -2.7565584175E-04  -1.7296232767E-03
   18     -1.2445633758E-02  -2.5392058141E-03   1.9991873040E-03   2.5630368897E-04  -1.3819553994E-03
   19      1.2071393832E-02   1.8886419417E-03  -3.0557219630E-03  -1.3448736033E-03  -3.9007810868E-03
   20      4.7737876689E-03   2.4388032576E-03  -7.1311951345E-04   1.9900077173E-04   2.0345217894E-04
   21      2.0794226066E-04   8.2075226836E-04  -2.2474063242E-02   1.3340199632E-02  -4.2170870981E-03
   22      1.1703966769E-01   1.8778103058E-03  -1.1421686548E-02   7.8769121765E-03  -2.4450769379E-03
   23     -1.2129208895E-01  -7.5679028447E-04  -8.3013116231E-03   2.8508890672E-03  -1.6405001942E-03
   24     -5.0392909067E-03  -4.3343282101E-03  -7.0836655815E-03  -2.7764017918E-02  -1.0029330391E-03
   25     -5.0281649885E-02  -6.7532116566E-04  -3.5227158649E-03  -1.7300211790E-02  -2.2528073168E-03
   26     -3.1061558723E-01  -3.7700325629E-04  -6.5715733377E-05  -5.2602661698E-03  -5.2831763860E-04
   27      1.3739994957E-02  -1.8546787010E-01   2.4730333343E-02   1.3059563438E-01  -7.6238267401E-03
   28      1.2316148363E-02   2.5774457771E-02  -5.2615906638E-02  -2.4861349506E-02   2.4125547844E-02
   29      4.6571115879E-03   1.3152206219E-01  -2.5131767562E-02  -1.6561440320E-01  -3.1635034461E-03
   30     -2.2038176812E-02  -7.9454018143E-02   1.6135027231E-02  -8.3018573692E-02  -6.6491184351E-03
   31     -1.9262115144E-02   1.8794907298E-02  -5.4404153393E-02   4.8835851520E-02   1.3606087578E-02
   32     -4.6046734386E-03  -8.2330192376E-02   4.4115452729E-02  -2.5435945958E-01  -1.0211529052E-03
   33     -3.5025683807E-04   1.0697300970E-02   1.0172540049E-02   1.3201708659E-03  -1.5065916252E-01
   34      1.1184699255E-03  -1.7202426762E-02  -9.5342474932E-03  -1.5704513761E-03  -1.3652504893E-01
   35      1.8047002543E-03   1.1285303223E-03   4.6016554025E-04   2.5377192536E-03  -4.4026369829E-03
   36      4.6909403466E-04  -4.4003176477E-03  -9.7162868919E-04   5.9181024541E-04  -9.5835681315E-03
   37      1.3453955711E-03  -1.5302669219E-03  -3.2408065230E-04  -6.5421724054E-04  -4.7845428419E-03
   38      1.5192116063E-03  -4.4377050987E-04  -2.2252309498E-04   1.0056143009E-02  -2.7159094938E-03
   39      2.7663806836E-04  -5.5786963891E-04   4.1436380186E-04  -8.7998825396E-04  -7.7431342767E-04
   40      7.0942961677E-06   2.9595441805E-04  -5.7527855719E-04   7.7900065018E-04  -2.9756577907E-03
   41      1.4484770522E-03   1.8336278424E-03  -1.6962846647E-03   1.6231433853E-03  -5.0053144234E-02
   42      5.2021715231E-04  -7.1808471023E-04  -8.8261755483E-04  -1.6733415692E-03  -1.9164054451E-03
   43      1.1814706669E-03  -1.6050418492E-03   1.2319313521E-03  -1.0739078358E-04   6.1974937032E-03
   44     -3.0124911848E-03   1.9886668118E-03  -9.3857994806E-04   1.2276783154E-03   3.6779854336E-04
                   10                 11                 12                 13                 14        
    0     -3.1192949684E-02   4.7373012159E-03  -9.6939873897E-02  -3.8041486000E-02   4.7375156850E-03
    1     -9.0257338507E-03   3.4156422098E-03  -5.0826696252E-02  -1.9103826496E-01   4.7739216642E-03
    2     -1.1782354443E-03   6.2543880478E-03   6.6741542089E-04   4.1809524766E-03  -6.8871262932E-02
    3     -1.2048226290E-02   2.0969672529E-03   3.7192790600E-03   1.1080040813E-02  -1.8800433439E-03
    4     -3.5715663504E-02  -6.1849110332E-03   2.0711178073E-02  -3.7423521776E-02  -7.6307833287E-03
    5      2.0320141948E-03   4.3959251126E-04  -2.8152012096E-03   2.5305394650E-03  -2.0362789935E-04
    6      3.6189655309E-02   2.3350118082E-04  -2.6829827846E-02   3.1756350638E-02  -5.8007426709E-03
    7     -1.9355467452E-01  -6.2080278569E-05   2.1155409894E-02  -9.9964362350E-03   4.9309139946E-03
    8     -3.1108446299E-04  -6.9402069797E-02  -3.0279188456E-03   1.8596469550E-05   6.3995575945E-03
    9      9.8707281734E-02   1.3492465540E-02  -5.1821481576E-01   4.7956802252E-03   4.5104071126E-02
   10      6.0862688133E-01   4.2782433824E-03   6.6654464021E-03  -1.0443799459E-01  -6.0231035683E-03
   11      4.2782433824E-03   1.4327700666E-01  -1.0813775464E-02  -2.3746815909E-03  -2.6914833631E-02
   12      6.6654464021E-03  -1.0813775464E-02   8.2028896051E-01  -1.1079684282E-01  -4.9095260183E-02
   13     -1.0443799459E-01  -2.3746815909E-03  -1.1079684282E-01   6.2261927506E-01   1.2718796210E-02
   14     -6.0231035683E-03  -2.6914833631E-02  -4.9095260183E-02   1.2718796210E-02   7.2141650608E-02
   15     -1.4110435167E-03   3.8715778018E-04  -6.0226423401E-03  -3.9315260290E-03   1.1175253597E-02
   16     -3.0233336797E-03   1.1081723185E-04  -1.0368492273E-02  -4.5311018311E-03   3.1214049981E-02
   17      4.7968480042E-04   9.4184321868E-04   1.2878294907E-03   1.2269680401E-03  -4.6065782002E-04
   18     -8.2062874490E-04  -7.1873647103E-04  -7.8089963524E-03  -1.9661082258E-03  -4.4599586230E-03
   19     -5.4611818915E-03   1.6861757690E-04  -2.3340857526E-02  -2.0542158528E-03  -1.8571564419E-02
   20     -2.4135956469E-04   3.3371776875E-04   3.8422748062E-03   1.2374517383E-03   2.0998573349E-03
   21     -2.1073745914E-03  -3.9730257116E-04  -4.6019055102E-03   2.2436483895E-03   3.5491765722E-04
   22     -1.9612708668E-03  -3.5900883357E-04   2.5681258072E-03  -2.1093008976E-03  -1.3287591204E-04
   23     -1.9007121245E-03  -8.2475658469E-07   1.8309808615E-03  -2.1508033251E-03   3.1663042009E-04
   24      5.9609648600E-04  -4.2370432026E-04  -1.3802687458E-03  -5.8601191267E-04   1.5138345065E-04
   25      4.1322670628E-04  -1.9257991119E-04   2.1378059451E-03   2.8778913526E-04   3.6392603885E-04
   26     -3.4062246066E-05   6.0868160026E-05   6.7985516223E-04  -1.8528453253E-06   4.0008839236E-04
   27      2.6145871887E-03   4.7544799631E-03  -9.2998020943E-04   7.2146537583E-04   7.3674476320E-04
   28     -1.9670786089E-03  -2.2222198087E-02   1.9185862211E-03  -5.4078065934E-03   5.5373767211E-04
   29      1.0275420357E-03   2.1222705965E-03  -4.0882303055E-04  -2.1899798170E-04   1.9652613309E-04
   30      5.1980412097E-03  -9.6188888157E-03   1.0838476304E-04   1.5226619618E-03   9.2217702837E-05
   31     -7.1828900467E-03   2.9071820783E-02   7.5865928691E-04  -3.5814163451E-03  -1.4342403823E-04
   32      1.9047671477E-03   1.6424080196E-03   1.5020802153E-03   4.9037889324E-04   9.2769670056E-04
   33     -1.3140169740E-01  -6.7327077926E-03  -1.1298584273E-02  -2.8197692262E-02  -1.4744556244E-03
   34     -2.5017704360E-01  -6.2155109324E-03   4.9197767514E-03   5.4877480326E-03  -9.6510257985E-04
   35     -6.9480240709E-03  -3.8129282795E-02  -1.6598278362E-03   3.8782855812E-04   3.7054298717E-03
   36      2.7885019530E-02   1.7796969460E-03  -1.4894688430E-01   1.3142156436E-01   1.4008887398E-02
   37      5.3976575970E-03   3.2820516928E-04   1.3800218058E-01  -2.5796514336E-01  -1.7829723188E-02
   38      2.5245043089E-03   3.8108716895E-03   1.4272862424E-02  -1.6699694016E-02  -3.6201289680E-02
   39     -8.3506467534E-04   2.9221206470E-03  -3.3531293079E-03  -4.8316410852E-05  -1.3812907487E-02
   40     -1.1287289686E-03  -2.6648069613E-04   1.4897592059E-03  -9.5598892666E-03  -2.0920720432E-03
   41      2.1267823052E-03  -2.1313970581E-02   4.1431992135E-02  -6.0331129340E-03   4.2243591826E-02
   42      1.9407566460E-03  -1.6918536869E-03   2.2102842068E-03  -3.5460515959E-05   7.6989409297E-05
   43     -8.0217150422E-04   5.6979733483E-04  -4.9320068787E-03  -2.8972051857E-04  -1.1854478218E-03
   44      2.1973509815E-03  -3.1219851078E-03   2.3909031959E-03   4.7063821806E-03   4.2206430815E-03
                   15                 16                 17                 18                 19        
    0     -7.2882518478E-02  -1.3911452720E-02   7.3608140240E-02  -2.0290784201E-01  -2.6846798398E-02
    1     -1.1778523080E-02  -5.2850453865E-02   3.7792376470E-02  -2.6906161797E-02  -5.2468180294E-02
    2      7.3814080971E-02   4.0614897059E-02  -2.6871068409E-01  -1.2956340349E-01  -2.3023015771E-02
    3     -5.7293721897E-03   6.0377693893E-03   3.0030964101E-04  -1.5627910876E-02   1.5800398494E-02
    4     -3.7352740444E-03   1.3048485644E-03   3.5030569611E-04  -4.6220497409E-03   3.6090408140E-03
    5      2.2206268353E-02  -2.0533232122E-02  -5.3065189606E-03  -1.2445633758E-02   1.2071393832E-02
    6     -4.8621321794E-04   1.1702595507E-04   1.0013293444E-03  -2.5392058141E-03   1.8886419417E-03
    7     -1.5719854205E-04  -2.2930531021E-04  -4.8051774809E-04   1.9991873040E-03  -3.0557219630E-03
    8      1.2432680624E-03   5.1112791609E-04  -2.7565584175E-04   2.5630368897E-04  -1.3448736033E-03
    9     -4.0489794064E-04  -1.6330476653E-03  -1.7296232767E-03  -1.3819553994E-03  -3.9007810868E-03
   10     -1.4110435167E-03  -3.0233336797E-03   4.7968480042E-04  -8.2062874490E-04  -5.4611818915E-03
   11      3.8715778018E-04   1.1081723185E-04   9.4184321868E-04  -7.1873647103E-04   1.6861757690E-04
   12     -6.0226423401E-03  -1.0368492273E-02   1.2878294907E-03  -7.8089963524E-03  -2.3340857526E-02
   13     -3.9315260290E-03  -4.5311018311E-03   1.2269680401E-03  -1.9661082258E-03  -2.0542158528E-03
   14      1.1175253597E-02   3.1214049981E-02  -4.6065782002E-04  -4.4599586230E-03  -1.8571564419E-02
   15      7.8618440078E-02   1.4831235453E-02  -8.3966151982E-02   8.6706752309E-03   4.8474159705E-03
   16      1.4831235453E-02   5.9259505634E-02  -4.3699415137E-02   1.9310372198E-03   9.0016378668E-04
   17     -8.3966151982E-02  -4.3699415137E-02   2.9415391936E-01   6.9670916782E-03   3.8246676552E-03
   18      8.6706752309E-03   1.9310372198E-03   6.9670916782E-03   2.2103712566E-01   3.0817475549E-02
   19      4.8474159705E-03   9.0016378668E-04   3.8246676552E-03   3.0817475549E-02   5.6084530489E-02
   20     -2.2909565218E-02  -4.6313151644E-03  -1.9543039058E-02   1.3953395981E-01   2.6808975571E-02
   21      1.7170411184E-03  -9.6017646559E-04  -1.0257116324E-04  -9.7607431339E-04   6.5338737256E-04
   22     -5.0084102776E-04   1.1039535600E-03  -4.2306124287E-04   5.3613937343E-04  -7.8171803744E-04
   23     -4.7782977567E-04   1.6449437542E-05   1.1983943772E-03   1.2462456327E-04   7.1529838076E-05
   24     -3.1232625142E-03   4.2090157592E-03   1.4026239620E-03   1.1890752807E-03  -8.9185168558E-04
   25      1.9576829675E-03  -1.7314041157E-03  -8.5015581080E-04  -5.3260923246E-04   1.2836121494E-03
   26      8.6183050938E-04  -1.1052585558E-03   1.0344086381E-03  -2.3649729671E-05   3.2294112004E-04
   27     -6.3105302627E-04   2.6369656062E-04   7.3503116044E-05  -6.5677633935E-04   4.8250183539E-04
   28     -7.7560427457E-05   4.9459183860E-04   1.5670062057E-05  -4.5702090878E-04   4.7273508161E-04
   29     -5.1207073325E-04   2.3548879568E-04  -3.4439092326E-05  -2.1729827762E-04   1.1622765340E-04
   30     -4.2796099851E-05   3.0740963666E-05   3.0256123849E-04  -6.4858557161E-04   1.3208375606E-04
   31      6.6189169585E-05   1.2167309692E-04   1.8140117395E-04  -2.5905959463E-04   4.4363437369E-04
   32     -2.8230931705E-04   1.7655390026E-04  -3.0696712733E-04  -7.1258097574E-05   1.5976491169E-05
   33     -1.8743649773E-04  -3.7286726826E-04   5.9604340204E-05  -4.3820677843E-04  -1.2543421675E-03
   34     -7.2934925254E-05   1.8982481499E-04   1.0764493816E-04  -1.7170681488E-04   2.4698039352E-04
   35     -1.0734011545E-03  -2.0667990930E-03  -4.7985975579E-05   6.0583428605E-04   1.7229595422E-03
   36      9.2713672087E-05   8.4099383337E-04   4.0116939490E-04   1.4796666364E-04   7.7848057241E-04
   37     -1.2037489036E-04   2.1421586529E-04   6.4069130215E-04  -3.3069881513E-04   5.2466241028E-04
   38     -4.7073127235E-05  -8.9624190800E-04  -9.8346142357E-05   2.5443440515E-04   3.0422315722E-04
   39      4.0525345106E-04  -9.0876522184E-04   2.9789063090E-04   5.0527513093E-04   3.7681087541E-04
   40      1.7055636374E-04  -1.4642056542E-03   6.4218833300E-04   7.0238343751E-04   1.0441771240E-04
   41     -9.5861617169E-04  -7.4594294602E-04  -2.0468227857E-04  -7.7503281267E-04  -2.5573715013E-03
   42      6.0687544289E-06  -1.3210561025E-04   6.1766309150E-05   1.4354354854E-03   4.3243512323E-04
   43     -6.2411350879E-05   2.4102729538E-04   1.7904639685E-04   1.0482036412E-04   1.5124082790E-04
   44      5.7368524189E-04   8.1132567601E-04  -2.3395892092E-03   5.6157685772E-04   6.6159609229E-05
                   20                 21                 22                 23                 24        
    0     -1.3414623543E-01   1.1850782636E-03  -1.9244114595E-03   6.1040199770E-04  -3.3080167448E-03
    1     -2.4885304343E-02   2.2068211075E-02  -1.1969791246E-02  -9.0057710107E-03   7.0010368579E-03
    2     -1.5495003705E-01  -1.3187731403E-02   8.2964946008E-03   3.1895701257E-03   2.7574646803E-02
    3      8.2643562258E-03  -4.6928569488E-02  -1.7304457748E-04   1.0407351645E-04  -4.3399570302E-02
    4      1.8103415087E-03  -3.4859638999E-04  -2.4414925153E-01   1.2221699783E-01  -1.2709716257E-03
    5      4.7737876689E-03   2.0794226066E-04   1.1703966769E-01  -1.2129208895E-01  -5.0392909067E-03
    6      2.4388032576E-03   8.2075226836E-04   1.8778103058E-03  -7.5679028447E-04  -4.3343282101E-03
    7     -7.1311951345E-04  -2.2474063242E-02  -1.1421686548E-02  -8.3013116231E-03  -7.0836655815E-03
    8      1.9900077173E-04   1.3340199632E-02   7.8769121765E-03   2.8508890672E-03  -2.7764017918E-02
    9      2.0345217894E-04  -4.2170870981E-03  -2.4450769379E-03  -1.6405001942E-03  -1.0029330391E-03
   10     -2.4135956469E-04  -2.1073745914E-03  -1.9612708668E-03  -1.9007121245E-03   5.9609648600E-04
   11      3.3371776875E-04  -3.9730257116E-04  -3.5900883357E-04  -8.2475658469E-07  -4.2370432026E-04
   12      3.8422748062E-03  -4.6019055102E-03   2.5681258072E-03   1.8309808615E-03  -1.3802687458E-03
   13      1.2374517383E-03   2.2436483895E-03  -2.1093008976E-03  -2.1508033251E-03  -5.8601191267E-04
   14      2.0998573349E-03   3.5491765722E-04  -1.3287591204E-04   3.1663042009E-04   1.5138345065E-04
   15     -2.2909565218E-02   1.7170411184E-03  -5.0084102776E-04  -4.7782977567E-04  -3.1232625142E-03
   16     -4.6313151644E-03  -9.6017646559E-04   1.1039535600E-03   1.6449437542E-05   4.2090157592E-03
   17     -1.9543039058E-02  -1.0257116324E-04  -4.2306124287E-04   1.1983943772E-03   1.4026239620E-03
   18      1.3953395981E-01  -9.7607431339E-04   5.3613937343E-04   1.2462456327E-04   1.1890752807E-03
   19      2.6808975571E-02   6.5338737256E-04  -7.8171803744E-04   7.1529838076E-05  -8.9185168558E-04
   20      1.6604440812E-01  -1.2676232974E-04  -1.9382835555E-04   8.5142602053E-05   3.9477005148E-04
   21     -1.2676232974E-04   5.1106974996E-02   3.9390699699E-04  -2.5169673997E-04  -3.1638492724E-04
   22     -1.9382835555E-04   3.9390699699E-04   2.6357996564E-01  -1.2814711559E-01   4.1487324853E-05
   23      8.5142602053E-05  -2.5169673997E-04  -1.2814711559E-01   1.2745356174E-01   1.3382077319E-04
   24      3.9477005148E-04  -3.1638492724E-04   4.1487324853E-05   1.3382077319E-04   5.7648144691E-02
   25      2.4137724932E-04   5.2644105264E-04   6.8628538156E-03   2.8422560044E-02   1.2057128893E-03
   26      1.3418462387E-03  -2.3143251779E-04  -3.2958532063E-03  -1.4655787618E-02   4.9948789208E-03
   27      3.2329656682E-04  -1.1142400128E-03  -5.9008430946E-04  -1.0776195812E-04   1.2237762582E-03
   28      2.1194555457E-04  -8.0721263184E-04  -7.8717016085E-04   8.8558609657E-05   8.7758653740E-04
   29      6.0796427256E-05   1.8122620239E-04  -2.1094704834E-04   8.6868819676E-05  -3.2878922374E-04
   30      4.7417647660E-04   1.6831015813E-03   4.3822396619E-04   4.3953779335E-04  -3.2384564827E-03
   31      2.3953670300E-04   8.6784571350E-04   1.0732829463E-03  -3.8342746627E-05  -4.0503873304E-03
   32     -3.5821492808E-05   1.0589142865E-04  -4.0546846516E-04   1.1739012922E-03  -1.3369962692E-03
   33      3.5425260620E-04   7.8948006991E-04   3.8026782652E-04   2.1230638467E-04   1.4634547435E-04
   34      1.3220429355E-04  -1.1128040257E-03  -7.1030459082E-04  -5.2955650310E-04  -2.4127973824E-04
   35     -5.8173079611E-05  -2.0866843563E-04  -1.5416140148E-04   6.7203734459E-05   3.7660153153E-04
   36     -3.0949133791E-04   8.0528746837E-04  -4.2365738735E-04  -2.2381402183E-04   1.6179681842E-04
   37     -3.3297037476E-04   1.0797408869E-03  -7.5264422051E-04  -5.2686108164E-04   1.9329995917E-04
   38      7.2903712768E-05   9.9409338796E-05  -8.0664190142E-05   6.8645982712E-05  -3.0522240658E-04
   39      8.9412973141E-04   1.1808206939E-04  -1.8657647135E-05  -4.4327052480E-05  -2.9958422318E-04
   40      8.0407037083E-04   1.8013721111E-05   1.5362616355E-04   7.9413208811E-04   2.8776483643E-04
   41      1.1348368015E-04   3.1034621588E-04  -3.0847018990E-04  -4.5494354632E-04   1.7667142906E-04
   42      7.3972856509E-04  -7.1536485448E-05  -2.1839598386E-04   1.1306167156E-05   3.3666666274E-05
   43     -4.8485242556E-04   1.7239867772E-05   1.8694559758E-03  -1.0378904309E-03  -2.1567958044E-04
   44     -5.3787364694E-04  -5.8099605612E-05   5.2651656215E-04  -8.7163294414E-05   3.0580830695E-05
                   25                 26                 27                 28                 29        
    0      2.0455854266E-04   5.4523865932E-04  -2.7975720880E-03  -1.7634256836E-03  -2.2431764249E-03
    1     -3.5485690013E-03  -4.2365799765E-04  -2.1445791312E-03  -3.0248323540E-03  -6.9222288829E-04
    2     -1.8034804225E-02  -6.5581648577E-03  -1.5195165537E-04  -1.5202254010E-03   4.2255341524E-04
    3     -1.0805094425E-03  -4.5100933602E-03  -1.5517266670E-02  -1.4413683089E-02  -7.6640325834E-03
    4     -6.1062378283E-02  -5.3296415710E-02   4.6682309538E-03   3.4297804476E-03   1.6751142397E-03
    5     -5.0281649885E-02  -3.1061558723E-01   1.3739994957E-02   1.2316148363E-02   4.6571115879E-03
    6     -6.7532116566E-04  -3.7700325629E-04  -1.8546787010E-01   2.5774457771E-02   1.3152206219E-01
    7     -3.5227158649E-03  -6.5715733377E-05   2.4730333343E-02  -5.2615906638E-02  -2.5131767562E-02
    8     -1.7300211790E-02  -5.2602661698E-03   1.3059563438E-01  -2.4861349506E-02  -1.6561440320E-01
    9     -2.2528073168E-03  -5.2831763860E-04  -7.6238267401E-03   2.4125547844E-02  -3.1635034461E-03
   10      4.1322670628E-04  -3.4062246066E-05   2.6145871887E-03  -1.9670786089E-03   1.0275420357E-03
   11     -1.9257991119E-04   6.0868160026E-05   4.7544799631E-03  -2.2222198087E-02   2.1222705965E-03
   12      2.1378059451E-03   6.7985516223E-04  -9.2998020943E-04   1.9185862211E-03  -4.0882303055E-04
   13      2.8778913526E-04  -1.8528453253E-06   7.2146537583E-04  -5.4078065934E-03  -2.1899798170E-04
   14      3.6392603885E-04   4.0008839236E-04   7.3674476320E-04   5.5373767211E-04   1.9652613309E-04
   15      1.9576829675E-03   8.6183050938E-04  -6.3105302627E-04  -7.7560427457E-05  -5.1207073325E-04
   16     -1.7314041157E-03  -1.1052585558E-03   2.6369656062E-04   4.9459183860E-04   2.3548879568E-04
   17     -8.5015581080E-04   1.0344086381E-03   7.3503116044E-05   1.5670062057E-05  -3.4439092326E-05
   18     -5.3260923246E-04  -2.3649729671E-05  -6.5677633935E-04  -4.5702090878E-04  -2.1729827762E-04
   19      1.2836121494E-03   3.2294112004E-04   4.8250183539E-04   4.7273508161E-04   1.1622765340E-04
   20      2.4137724932E-04   1.3418462387E-03   3.2329656682E-04   2.1194555457E-04   6.0796427256E-05
   21      5.2644105264E-04  -2.3143251779E-04  -1.1142400128E-03  -8.0721263184E-04   1.8122620239E-04
   22      6.8628538156E-03  -3.2958532063E-03  -5.9008430946E-04  -7.8717016085E-04  -2.1094704834E-04
   23      2.8422560044E-02  -1.4655787618E-02  -1.0776195812E-04   8.8558609657E-05   8.6868819676E-05
   24      1.2057128893E-03   4.9948789208E-03   1.2237762582E-03   8.7758653740E-04  -3.2878922374E-04
   25      6.1763027045E-02   5.7456406508E-02   4.3503420117E-04   1.2472911223E-03   1.5211907341E-04
   26      5.7456406508E-02   3.3051640634E-01  -3.5153896275E-06   3.3693387003E-04   1.4407868262E-03
   27      4.3503420117E-04  -3.5153896275E-06   2.0504243730E-01  -2.9911411054E-02  -1.4035518181E-01
   28      1.2472911223E-03   3.3693387003E-04  -2.9911411054E-02   5.5874556958E-02   2.7857392097E-02
   29      1.5211907341E-04   1.4407868262E-03  -1.4035518181E-01   2.7857392097E-02   1.7765797515E-01
   30     -1.8816054409E-03  -7.0659456402E-04   8.7058448322E-03  -5.5079330022E-03   2.1854322703E-02
   31     -1.5774105793E-03  -9.5896597364E-04  -1.9770293497E-03   1.3360777065E-03  -4.3655204514E-03
   32     -7.8824208200E-04   1.0826740022E-03  -8.1097972626E-03   5.0092346908E-03  -2.1416357365E-02
   33      4.6499455737E-05   9.6379262736E-06   1.5181994822E-04  -9.1336337786E-04   3.2480796154E-04
   34     -2.9106229580E-04  -1.0259877911E-04   3.7807152685E-04   5.7929740884E-04  -4.6253010152E-04
   35      2.9366194439E-04  -1.0045549085E-04  -3.1588276846E-04   6.4627770411E-04   6.6940666477E-05
   36     -5.2506090609E-05  -1.6296992842E-06  -4.0777207001E-04   1.1120617067E-03  -2.0401633954E-04
   37     -2.5472385183E-04  -1.0935604581E-04   1.7657764440E-04   1.5467530841E-04   1.1436522908E-04
   38      2.0841757662E-04  -9.2469716377E-05  -6.4581409768E-04   1.8533914518E-03  -1.1963262309E-04
   39     -4.9311123103E-05  -2.4524802200E-04   8.6140756525E-04  -6.6751270218E-04   1.3798195146E-04
   40     -2.9179271958E-05   1.2822567452E-03  -3.0812378213E-04   2.2577323180E-04  -9.5217946788E-05
   41     -1.4574226335E-04  -1.2433265559E-03   3.5582722267E-04  -4.2955089915E-04   8.4051444043E-05
   42     -6.1218437737E-05  -5.0191370846E-04  -8.3892864745E-04   6.8383443690E-04   1.0629599354E-03
   43      1.5964328986E-04  -2.3750386415E-05   4.8777735579E-04  -1.1984748286E-05  -6.7300026441E-05
   44      4.7386676847E-04   2.6489790397E-03  -8.7604509898E-04   2.1028870051E-04   3.8895121392E-04
                   30                 31                 32                 33                 34        
    0     -6.4498223864E-04  -2.0851643112E-04  -8.9719030140E-04  -4.6355124111E-03   1.5298019937E-03
    1      6.0151696087E-05  -2.5607309299E-04  -4.1076566645E-04   1.0407236777E-03  -3.6387512067E-04
    2     -1.3268866546E-03   4.9413183607E-04  -1.3686765685E-04  -1.0963529302E-03  -4.2935692467E-04
    3     -6.8601490796E-03  -6.8841013564E-03  -3.3018029872E-04  -1.6745261790E-03   1.6931829911E-03
    4      4.4710948384E-03   1.8121705216E-03   2.5832305490E-04   3.3652849062E-03  -3.5924344612E-03
    5     -2.2038176812E-02  -1.9262115144E-02  -4.6046734386E-03  -3.5025683807E-04   1.1184699255E-03
    6     -7.9454018143E-02   1.8794907298E-02  -8.2330192376E-02   1.0697300970E-02  -1.7202426762E-02
    7      1.6135027231E-02  -5.4404153393E-02   4.4115452729E-02   1.0172540049E-02  -9.5342474932E-03
    8     -8.3018573692E-02   4.8835851520E-02  -2.5435945958E-01   1.3201708659E-03  -1.5704513761E-03
    9     -6.6491184351E-03   1.3606087578E-02  -1.0211529052E-03  -1.5065916252E-01  -1.3652504893E-01
   10      5.1980412097E-03  -7.1828900467E-03   1.9047671477E-03  -1.3140169740E-01  -2.5017704360E-01
   11     -9.6188888157E-03   2.9071820783E-02   1.6424080196E-03  -6.7327077926E-03  -6.2155109324E-03
   12      1.0838476304E-04   7.5865928691E-04   1.5020802153E-03  -1.1298584273E-02   4.9197767514E-03
   13      1.5226619618E-03  -3.5814163451E-03   4.9037889324E-04  -2.8197692262E-02   5.4877480326E-03
   14      9.2217702837E-05  -1.4342403823E-04   9.2769670056E-04  -1.4744556244E-03  -9.6510257985E-04
   15     -4.2796099851E-05   6.6189169585E-05  -2.8230931705E-04  -1.8743649773E-04  -7.2934925254E-05
   16      3.0740963666E-05   1.2167309692E-04   1.7655390026E-04  -3.7286726826E-04   1.8982481499E-04
   17      3.0256123849E-04   1.8140117395E-04  -3.0696712733E-04   5.9604340204E-05   1.0764493816E-04
   18     -6.4858557161E-04  -2.5905959463E-04  -7.1258097574E-05  -4.3820677843E-04  -1.7170681488E-04
   19      1.3208375606E-04   4.4363437369E-04   1.5976491169E-05  -1.2543421675E-03   2.4698039352E-04
   20      4.7417647660E-04   2.3953670300E-04  -3.5821492808E-05   3.5425260620E-04   1.3220429355E-04
   21      1.6831015813E-03   8.6784571350E-04   1.0589142865E-04   7.8948006991E-04  -1.1128040257E-03
   22      4.3822396619E-04   1.0732829463E-03  -4.0546846516E-04   3.8026782652E-04  -7.1030459082E-04
   23      4.3953779335E-04  -3.8342746627E-05   1.1739012922E-03   2.1230638467E-04  -5.2955650310E-04
   24     -3.2384564827E-03  -4.0503873304E-03  -1.3369962692E-03   1.4634547435E-04  -2.4127973824E-04
   25     -1.8816054409E-03  -1.5774105793E-03  -7.8824208200E-04   4.6499455737E-05  -2.9106229580E-04
   26     -7.0659456402E-04  -9.5896597364E-04   1.0826740022E-03   9.6379262736E-06  -1.0259877911E-04
   27      8.7058448322E-03  -1.9770293497E-03  -8.1097972626E-03   1.5181994822E-04   3.7807152685E-04
   28     -5.5079330022E-03   1.3360777065E-03   5.0092346908E-03  -9.1336337786E-04   5.7929740884E-04
   29      2.1854322703E-02  -4.3655204514E-03  -2.1416357365E-02   3.2480796154E-04  -4.6253010152E-04
   30      8.6930882714E-02  -2.0888010611E-02   9.3416661968E-02  -2.2748921629E-05   2.0011588340E-04
   31     -2.0888010611E-02   6.2080824979E-02  -5.1290301491E-02  -6.2534723275E-04  -3.6909928127E-06
   32      9.3416661968E-02  -5.1290301491E-02   2.7848065911E-01  -4.2161498945E-04   6.4601366438E-04
   33     -2.2748921629E-05  -6.2534723275E-04  -4.2161498945E-04   1.5632298849E-01   1.4810598819E-01
   34      2.0011588340E-04  -3.6909928127E-06   6.4601366438E-04   1.4810598819E-01   2.5862369990E-01
   35     -4.4058359435E-05  -9.7669493503E-04  -1.2010746985E-04   6.3600427832E-03   7.1247169596E-03
   36     -2.6296724755E-04   5.0694080269E-04   4.3259893636E-05   9.9007691035E-04  -7.3735436580E-04
   37      6.9109438623E-05   2.3771179666E-04   8.5522459700E-05   7.5325836663E-04   4.0364643554E-04
   38      9.5850549082E-04  -2.1649476492E-03  -2.0131670701E-04   3.0515274199E-04   1.0414712353E-04
   39      3.1826207629E-04  -7.4688385187E-05  -1.5563495510E-04   2.5576873696E-04   4.7442359031E-04
   40     -1.2203415582E-04  -6.3172745308E-05   1.2032368817E-04   3.2959333396E-04   2.1205848085E-04
   41      4.5703323594E-05   1.8868715601E-05  -2.2295249841E-04   1.5730912713E-03   1.0391545422E-03
   42      7.7346252819E-05   3.1488335974E-04  -1.0321864861E-04  -4.3760301601E-04  -1.2307650546E-03
   43      1.9395934855E-04  -3.6568225157E-05   5.8512904095E-05  -1.4358864112E-03  -1.0705969148E-03
   44     -8.3885588369E-04   3.7241977794E-04  -1.9028157852E-03  -4.7040226987E-04  -9.8673147140E-06
                   35                 36                 37                 38                 39        
    0      5.7022842305E-04   1.0823590862E-02   1.6446858616E-02  -2.0032305259E-03  -1.3723530448E-03
    1      6.7431250299E-05  -1.0527992851E-02  -1.0146354747E-02   1.3511420178E-03  -2.0935358395E-03
    2      9.9551439795E-03  -2.3215726011E-03  -2.8179137200E-03   2.5967445465E-03   5.0046119440E-03
    3     -2.7594915190E-04  -1.7333649979E-03  -1.6531805928E-03   9.9554665547E-05  -3.1262142778E-04
    4     -8.5282899135E-05  -3.4995452320E-03  -3.5352747899E-03   3.0592989189E-04   1.3597731697E-05
    5      1.8047002543E-03   4.6909403466E-04   1.3453955711E-03   1.5192116063E-03   2.7663806836E-04
    6      1.1285303223E-03  -4.4003176477E-03  -1.5302669219E-03  -4.4377050987E-04  -5.5786963891E-04
    7      4.6016554025E-04  -9.7162868919E-04  -3.2408065230E-04  -2.2252309498E-04   4.1436380186E-04
    8      2.5377192536E-03   5.9181024541E-04  -6.5421724054E-04   1.0056143009E-02  -8.7998825396E-04
    9     -4.4026369829E-03  -9.5835681315E-03  -4.7845428419E-03  -2.7159094938E-03  -7.7431342767E-04
   10     -6.9480240709E-03   2.7885019530E-02   5.3976575970E-03   2.5245043089E-03  -8.3506467534E-04
   11     -3.8129282795E-02   1.7796969460E-03   3.2820516928E-04   3.8108716895E-03   2.9221206470E-03
   12     -1.6598278362E-03  -1.4894688430E-01   1.3800218058E-01   1.4272862424E-02  -3.3531293079E-03
   13      3.8782855812E-04   1.3142156436E-01  -2.5796514336E-01  -1.6699694016E-02  -4.8316410852E-05
   14      3.7054298717E-03   1.4008887398E-02  -1.7829723188E-02  -3.6201289680E-02  -1.3812907487E-02
   15     -1.0734011545E-03   9.2713672087E-05  -1.2037489036E-04  -4.7073127235E-05   4.0525345106E-04
   16     -2.0667990930E-03   8.4099383337E-04   2.1421586529E-04  -8.9624190800E-04  -9.0876522184E-04
   17     -4.7985975579E-05   4.0116939490E-04   6.4069130215E-04  -9.8346142357E-05   2.9789063090E-04
   18      6.0583428605E-04   1.4796666364E-04  -3.3069881513E-04   2.5443440515E-04   5.0527513093E-04
   19      1.7229595422E-03   7.7848057241E-04   5.2466241028E-04   3.0422315722E-04   3.7681087541E-04
   20     -5.8173079611E-05  -3.0949133791E-04  -3.3297037476E-04   7.2903712768E-05   8.9412973141E-04
   21     -2.0866843563E-04   8.0528746837E-04   1.0797408869E-03   9.9409338796E-05   1.1808206939E-04
   22     -1.5416140148E-04  -4.2365738735E-04  -7.5264422051E-04  -8.0664190142E-05  -1.8657647135E-05
   23      6.7203734459E-05  -2.2381402183E-04  -5.2686108164E-04   6.8645982712E-05  -4.4327052480E-05
   24      3.7660153153E-04   1.6179681842E-04   1.9329995917E-04  -3.0522240658E-04  -2.9958422318E-04
   25      2.9366194439E-04  -5.2506090609E-05  -2.5472385183E-04   2.0841757662E-04  -4.9311123103E-05
   26     -1.0045549085E-04  -1.6296992842E-06  -1.0935604581E-04  -9.2469716377E-05  -2.4524802200E-04
   27     -3.1588276846E-04  -4.0777207001E-04   1.7657764440E-04  -6.4581409768E-04   8.6140756525E-04
   28      6.4627770411E-04   1.1120617067E-03   1.5467530841E-04   1.8533914518E-03  -6.6751270218E-04
   29      6.6940666477E-05  -2.0401633954E-04   1.1436522908E-04  -1.1963262309E-04   1.3798195146E-04
   30     -4.4058359435E-05  -2.6296724755E-04   6.9109438623E-05   9.5850549082E-04   3.1826207629E-04
   31     -9.7669493503E-04   5.0694080269E-04   2.3771179666E-04  -2.1649476492E-03  -7.4688385187E-05
   32     -1.2010746985E-04   4.3259893636E-05   8.5522459700E-05  -2.0131670701E-04  -1.5563495510E-04
   33      6.3600427832E-03   9.9007691035E-04   7.5325836663E-04   3.0515274199E-04   2.5576873696E-04
   34      7.1247169596E-03  -7.3735436580E-04   4.0364643554E-04   1.0414712353E-04   4.7442359031E-04
   35      2.4261634421E-02  -2.0555521991E-04   1.7687894400E-04  -4.8689754934E-03  -1.9147352462E-04
   36     -2.0555521991E-04   1.5213351664E-01  -1.4697533317E-01  -1.3520525582E-02   4.4698223445E-04
   37      1.7687894400E-04  -1.4697533317E-01   2.6596897970E-01   1.6998193761E-02  -9.2135168471E-04
   38     -4.8689754934E-03  -1.3520525582E-02   1.6998193761E-02   3.1833844461E-02   2.9574582065E-03
   39     -1.9147352462E-04   4.4698223445E-04  -9.2135168471E-04   2.9574582065E-03   1.1836621441E-01
   40     -3.6394770956E-04  -6.3989378435E-04   1.1474540856E-03  -3.0777692240E-03   2.1574141225E-01
   41      9.7320713707E-04  -6.7058148256E-04   2.4114746086E-03  -8.0815190536E-03  -1.9521565085E-02
   42     -6.3706034930E-04  -2.6705687740E-04  -4.0750373707E-04   7.1582692519E-04  -1.1460737460E-01
   43     -2.7238726939E-04   1.2850779201E-03  -1.0707815753E-03  -5.4090823736E-04  -2.1137224444E-01
   44     -4.6999013387E-05   1.8160991663E-04   2.0311363659E-04  -2.9481559201E-04   2.2418354156E-02
                   40                 41                 42                 43                 44        
    0     -2.8784070139E-03  -1.2675345614E-03  -4.9557221835E-04   1.9584331624E-03  -3.3584769752E-04
    1     -2.6744467472E-03   8.0495913975E-04  -9.6173218032E-04   1.7822264620E-03   4.1337068888E-04
    2      7.7352300096E-03  -5.2202505278E-03  -1.3364373940E-03  -1.4015151465E-03  -1.0115949410E-03
    3     -1.9721827049E-05  -5.3796832058E-04  -1.4270530048E-04  -1.6815537301E-04   8.8282558897E-05
    4     -1.1490597139E-03   1.4778883887E-03   2.1365806750E-03  -1.3269300332E-03  -1.4743030431E-03
    5      7.0942961677E-06   1.4484770522E-03   5.2021715231E-04   1.1814706669E-03  -3.0124911848E-03
    6      2.9595441805E-04   1.8336278424E-03  -7.1808471023E-04  -1.6050418492E-03   1.9886668118E-03
    7     -5.7527855719E-04  -1.6962846647E-03  -8.8261755483E-04   1.2319313521E-03  -9.3857994806E-04
    8      7.7900065018E-04   1.6231433853E-03  -1.6733415692E-03  -1.0739078358E-04   1.2276783154E-03
    9     -2.9756577907E-03  -5.0053144234E-02  -1.9164054451E-03   6.1974937032E-03   3.6779854336E-04
   10     -1.1287289686E-03   2.1267823052E-03   1.9407566460E-03  -8.0217150422E-04   2.1973509815E-03
   11     -2.6648069613E-04  -2.1313970581E-02  -1.6918536869E-03   5.6979733483E-04  -3.1219851078E-03
   12      1.4897592059E-03   4.1431992135E-02   2.2102842068E-03  -4.9320068787E-03   2.3909031959E-03
   13     -9.5598892666E-03  -6.0331129340E-03  -3.5460515959E-05  -2.8972051857E-04   4.7063821806E-03
