
$orca_hessian_file

$act_atom
  0

$act_coord
  0

$act_energy
     -270.656738

$multiplicity
  1

$hessian
45
                    0                  1                  2                  3                  4        
    0      4.9010690483E-01   7.2350725714E-02   3.3895345421E-01  -3.0857741584E-01  -7.3616660355E-02
    1      7.2350725714E-02   6.6463847018E-01   1.4660378201E-01  -6.8610710570E-02  -1.2975294607E-01
    2      3.3895345421E-01   1.4660378201E-01   4.7980158776E-01  -2.5063648373E-01  -7.8220911313E-02
    3     -3.0857741584E-01  -6.8610710570E-02  -2.5063648373E-01   5.5276473422E-01  -5.5334215437E-02
    4     -7.3616660355E-02  -1.2975294607E-01  -7.8220911313E-02  -5.5334215437E-02   5.6424502330E-01
    5     -2.5261022762E-01  -7.3817520616E-02  -3.0607143748E-01   3.8169964462E-01   9.9215017634E-03
    6     -6.1974906659E-02  -5.2537041213E-02  -2.8009286137E-02   1.4113173664E-03  -2.0908719983E-02
    7     -5.5364972724E-02  -3.0294784146E-01  -8.7841115059E-02   2.8762524532E-03  -2.2973797559E-04
    8     -2.8738256551E-02  -8.3857776319E-02  -7.4855032357E-02  -2.3161709014E-03  -2.1381747681E-02
    9      1.2198393697E-03  -2.0825055406E-02  -1.1499657428E-02  -7.7624832447E-02   1.5711460268E-03
   10     -1.1062824207E-02  -2.1627638284E-02  -1.9175057534E-02  -6.7007996411E-03  -1.9888920195E-01
   11     -1.0071846084E-02  -2.3692842326E-02  -8.6607115229E-03  -5.1980657439E-03  -1.7235273708E-02
   12     -5.2410412566E-03   1.7081324792E-02  -7.4676664012E-03  -1.4458149465E-01   1.1017857489E-01
   13     -7.9120772105E-03   9.5901147921E-03  -6.6677652279E-03   1.1482529908E-01  -1.8402412199E-01
   14     -1.1241901547E-02   1.6051615161E-02  -2.7818126437E-03  -8.6923673270E-02   8.5419304875E-02
   15      7.0424532347E-03   5.3688868333E-03   1.5648059454E-03  -6.6226791990E-03   1.7031580850E-02
   16     -9.7718341330E-03  -4.0357584666E-02  -5.6321151074E-03   1.8367543575E-02  -2.7029951913E-02
   17      4.2045018550E-03  -5.8509378944E-03   2.3385911398E-03  -2.2118579873E-03   8.7674618599E-03
   18      1.9694895030E-05   4.4043937605E-05  -1.2792078291E-03   6.3533354402E-04  -4.3719426761E-04
   19      4.0367283463E-04  -3.5778147116E-03  -1.6896195064E-04   1.2590847329E-02  -7.8918289384E-03
   20      9.2346095850E-04  -9.1180993158E-04   1.2316334387E-03  -2.7161161877E-05  -4.4444503465E-03
   21      2.0221247850E-04   4.5517460980E-04   7.0380249640E-04   3.9446535986E-03   6.7626683475E-04
   22      2.6321156584E-04  -5.4184778890E-03  -8.4347281213E-04  -3.2238455075E-02  -9.7159986582E-03
   23     -5.0190604779E-04  -2.2980892602E-04   6.8089063032E-04  -5.4362775693E-03  -3.4261955143E-03
   24     -1.0120329982E-01   4.0586112039E-02  -3.3164290553E-02  -1.2461494262E-02   1.5969318417E-02
   25      6.2444122288E-02  -1.6945317092E-01   3.8097627849E-02   7.6210244661E-03   7.9710002514E-04
   26     -3.1302974665E-02   3.0032995938E-02  -8.8605907611E-02  -2.6074479165E-02   1.8583868407E-02
   27     -2.1726097519E-03  -3.1406139596E-03  -1.7479855952E-03  -1.3828153132E-03   1.5805148042E-04
   28     -1.9514976358E-03  -3.3777320345E-03  -1.7415366095E-03   1.0072686201E-03  -1.2519258318E-03
   29     -1.5461146361E-03  -5.7813829564E-04  -4.5128824780E-04  -3.5072380938E-03   2.0130651958E-03
   30     -4.2369430055E-04   1.0439108705E-04  -1.5440965283E-04  -4.8796410707E-04  -8.3226783617E-04
   31     -8.9435659792E-04   2.1135383664E-04  -1.0612060175E-03   5.4165386369E-04   4.2273925266E-04
   32     -4.9342522708E-04   1.8578628387E-04   5.2033352731E-05  -7.0927371042E-04  -6.5933797389E-04
   33     -1.9907978964E-02   1.1763071698E-02   6.9526195512E-03  -8.0141171047E-03   5.9583862524E-03
   34      2.1373162540E-02  -1.3499247337E-03  -8.6966209736E-03   8.0941303112E-04  -1.9320339856E-03
   35     -2.4881401125E-03  -5.8387206595E-03   2.1843799249E-04   4.8625587190E-03  -2.5124229791E-03
   36     -3.8697975779E-03   7.0906112887E-04  -1.4924831868E-02  -1.0320672501E-03   1.9319951450E-03
   37      3.9158249264E-03   3.8388669684E-03   2.7406355579E-02   2.5275681191E-03  -4.9528206135E-03
   38     -5.2204142992E-04  -1.8017192114E-03  -4.0405333922E-03   7.9748783714E-05   9.2047300193E-04
   39      2.3510890961E-03  -4.4479015361E-03  -1.8788892118E-04   2.9418493537E-03  -2.0444027903E-03
   40      5.2734608164E-04  -7.7851364163E-05  -1.1151299945E-03   5.5282698200E-04   1.1948479268E-06
   41     -3.2371990991E-03   4.1609928564E-03   1.2934521805E-03  -3.2864366817E-03   1.2068948759E-03
   42      2.4285502613E-03   1.1168470483E-03   9.3407134304E-04  -9.1300791046E-04  -3.4399868178E-04
   43     -7.2215929031E-04  -3.3782364871E-04  -8.8962332847E-04   1.2066226577E-03   2.0451050382E-04
   44     -1.3644294345E-03  -5.1014757172E-04  -1.4990324325E-04  -2.8627852085E-04   1.0200665955E-03
                    5                  6                  7                  8                  9        
    0     -2.5261022762E-01  -6.1974906659E-02  -5.5364972724E-02  -2.8738256551E-02   1.2198393697E-03
    1     -7.3817520616E-02  -5.2537041213E-02  -3.0294784146E-01  -8.3857776319E-02  -2.0825055406E-02
    2     -3.0607143748E-01  -2.8009286137E-02  -8.7841115059E-02  -7.4855032357E-02  -1.1499657428E-02
    3      3.8169964462E-01   1.4113173664E-03   2.8762524532E-03  -2.3161709014E-03  -7.7624832447E-02
    4      9.9215017634E-03  -2.0908719983E-02  -2.2973797559E-04  -2.1381747681E-02   1.5711460268E-03
    5      5.1438491654E-01  -5.8071092041E-03   2.2190471454E-03  -8.3817919002E-04  -5.0369316169E-03
    6     -5.8071092041E-03   5.3497626264E-02   5.9538631654E-02   3.4160836317E-02   3.0151637813E-03
    7      2.2190471454E-03   5.9538631654E-02   3.1644767979E-01   9.4205301246E-02   9.0359239845E-04
    8     -8.3817919002E-04   3.4160836317E-02   9.4205301246E-02   6.8840100965E-02  -8.8060327349E-03
    9     -5.0369316169E-03   3.0151637813E-03   9.0359239845E-04  -8.8060327349E-03   5.6534097598E-01
   10     -2.7290287321E-02   4.6763049957E-04   9.4709256209E-05  -8.3452653765E-04   6.0608654572E-02
   11     -7.8603501098E-02  -7.9813603065E-03  -2.6878394693E-04   3.9113779592E-03  -1.5751622981E-02
   12     -8.7188811662E-02  -2.2160699791E-03  -8.7938909301E-04   3.2860466581E-03   3.5799620124E-03
   13      8.9184621030E-02   1.6597572644E-04   4.0407450525E-04   1.0743725639E-03   1.4706940628E-02
   14     -1.1138792333E-01   3.3323156830E-03   4.7211929079E-05  -2.5311557147E-03   4.9095299193E-03
   15     -4.1571916331E-03  -1.1586322740E-03   2.3910414077E-03  -2.7649394761E-03  -1.0273003849E-01
   16      2.3188092722E-02   2.4741448384E-03  -2.1851827671E-03   2.3577673915E-03   1.7385321183E-02
   17      7.2701330269E-04  -1.9296472753E-03  -6.6358157504E-06   2.8882081305E-04  -3.7449342284E-02
   18     -1.7386119192E-03  -2.9444389294E-04  -1.0879580099E-04   2.4121251754E-04  -9.6369690699E-02
   19     -3.1322063560E-02  -2.3482230539E-03  -2.9522182387E-04   1.6096190510E-03   2.1767068894E-02
   20     -3.8483416068E-03  -3.7263214607E-04  -1.9581448907E-04   2.4148579400E-04   9.7521582338E-02
   21     -9.0975806005E-04  -5.2620614484E-06  -6.7004909272E-05   1.9803941378E-04  -2.7648791362E-01
   22     -1.3528432612E-03   6.4420142975E-04   1.3761128398E-04  -2.4138345281E-03  -8.8813197352E-02
   23     -1.6869058007E-03   5.8339169184E-05  -2.3780883488E-04  -4.6387323787E-04  -4.7298970954E-03
   24     -1.4679830921E-02   7.3076899037E-03  -9.1468507752E-03   3.4852269513E-03  -1.9711967381E-02
   25      4.9268921773E-03   1.3090168308E-02  -1.0553017527E-02   9.5296797343E-03  -1.4665371137E-03
   26     -1.0681179183E-02   5.8430730277E-03  -7.8372110044E-03   5.1029296499E-03  -2.0727542317E-02
   27     -2.1991969863E-03   5.5875519791E-04  -7.7010768354E-04   5.6416224107E-04  -7.5810866878E-03
   28      9.0678503516E-04   3.9095978510E-04  -8.3516025472E-04   7.1971966161E-04   3.5548105430E-03
   29     -3.4786851041E-03   1.3368041157E-04  -2.1785073991E-04   4.3362656720E-04  -1.2782263070E-02
   30     -1.1899257179E-03   1.9607089980E-04  -1.3854636172E-04   9.2352993790E-06   9.8801287372E-03
   31      2.8929138379E-04   3.2873489902E-04  -1.9506199182E-04  -1.8366484565E-04  -7.2602978635E-03
   32     -8.5287132374E-04   2.8073289913E-04   7.2418668412E-05  -1.6715709332E-04   1.3904672975E-02
   33     -4.1572899600E-03  -5.0083569751E-04   1.0277009507E-03  -2.1540074313E-05  -2.1980198669E-03
   34      7.5494934717E-04  -7.2766403686E-04  -3.0116165576E-04   2.0819734407E-04   1.8874935976E-04
   35      2.9095006274E-03   6.3584889019E-04  -7.2389898669E-04  -1.1743230821E-06   9.2066938236E-04
   36     -1.9486512652E-03   6.2566680622E-05   6.7365752946E-05   6.8521265358E-04  -9.3018339294E-04
   37      1.2519552465E-03  -5.2060436766E-04   4.2545377609E-04  -9.0307707281E-04  -2.2891992036E-03
   38      1.4984151826E-04  -2.9303512111E-04   4.6442112714E-04   9.6386844760E-05  -7.7485186369E-05
   39      1.9010463567E-03   2.3791911997E-04  -2.9250490724E-04  -5.1167443308E-05   8.2161997429E-04
   40     -1.4161021440E-04  -2.5417117005E-04   3.0108635129E-04   1.1077682393E-04   3.7833723447E-05
   41     -1.6465080390E-03  -2.6632560139E-04   3.9951141321E-04   6.0697086123E-05  -3.4154904494E-04
   42     -2.0057099918E-03  -1.3695864992E-04  -2.0263913935E-05   9.2390138823E-05  -2.2395727411E-04
   43      1.3088920633E-03   1.7982823526E-04  -2.6822950228E-04  -2.4941357869E-04  -9.3505419541E-05
   44      9.2426016770E-04   1.9031438464E-04  -7.0185906206E-05  -1.1885376291E-04  -5.9679879804E-05
                   10                 11                 12                 13                 14        
    0     -1.1062824207E-02  -1.0071846084E-02  -5.2410412566E-03  -7.9120772105E-03  -1.1241901547E-02
    1     -2.1627638284E-02  -2.3692842326E-02   1.7081324792E-02   9.5901147921E-03   1.6051615161E-02
    2     -1.9175057534E-02  -8.6607115229E-03  -7.4676664012E-03  -6.6677652279E-03  -2.7818126437E-03
    3     -6.7007996411E-03  -5.1980657439E-03  -1.4458149465E-01   1.1482529908E-01  -8.6923673270E-02
    4     -1.9888920195E-01  -1.7235273708E-02   1.1017857489E-01  -1.8402412199E-01   8.5419304875E-02
    5     -2.7290287321E-02  -7.8603501098E-02  -8.7188811662E-02   8.9184621030E-02  -1.1138792333E-01
    6      4.6763049957E-04  -7.9813603065E-03  -2.2160699791E-03   1.6597572644E-04   3.3323156830E-03
    7      9.4709256209E-05  -2.6878394693E-04  -8.7938909301E-04   4.0407450525E-04   4.7211929079E-05
    8     -8.3452653765E-04   3.9113779592E-03   3.2860466581E-03   1.0743725639E-03  -2.5311557147E-03
    9      6.0608654572E-02  -1.5751622981E-02   3.5799620124E-03   1.4706940628E-02   4.9095299193E-03
   10      4.5802215073E-01   4.5964280272E-02  -3.8290308221E-03  -7.5119904153E-03  -5.0537055540E-03
   11      4.5964280272E-02   5.2864544019E-01   1.7039555086E-03   1.4447419222E-02   6.3025581326E-03
   12     -3.8290308221E-03   1.7039555086E-03   1.4435472231E-01  -1.2186317761E-01   9.8724533511E-02
   13     -7.5119904153E-03   1.4447419222E-02  -1.2186317761E-01   1.8637952260E-01  -9.4835682382E-02
   14     -5.0537055540E-03   6.3025581326E-03   9.8724533511E-02  -9.4835682382E-02   1.0696667354E-01
   15      2.0004721362E-02  -3.3916320642E-02   8.6381352026E-04   6.6971774853E-04  -1.2253212892E-03
   16     -8.6359423897E-02   2.9036860311E-02  -1.8389121239E-03  -4.4093043664E-03  -1.9789079328E-03
   17      3.2327192771E-02  -1.3376431877E-01  -1.1350202893E-03  -1.9937007511E-03   2.9373152961E-04
   18      2.0200591002E-02   9.8474412271E-02   1.1428958397E-04   3.2490817046E-04   5.9184329047E-05
   19     -5.2720956176E-02  -4.4054612113E-02  -9.6660718148E-05  -1.1319304163E-04   8.7713314716E-04
   20     -3.8785738548E-02  -2.4288446482E-01   5.3264666086E-05  -5.5576323190E-04  -4.5236571357E-04
   21     -8.8513484279E-02  -6.7314256664E-03   5.3016027961E-05  -7.8799009359E-04  -2.4684110570E-04
   22     -8.2198144132E-02  -1.6378921072E-03   9.8107509119E-04   7.7086396002E-04   2.5483154770E-04
   23     -4.1429607841E-04  -4.5233367078E-02   2.2348683859E-04   1.2870513134E-04   1.2005439234E-04
   24     -5.1005488036E-03  -7.4063949709E-03   3.2795353526E-03  -9.8384152133E-04  -6.3202036264E-03
   25      4.4744213860E-03  -6.1046864685E-03  -5.9447555804E-04  -1.1030590986E-03  -1.7474250307E-03
   26     -1.4318928986E-02  -1.8347445541E-02  -8.3747028200E-03  -2.3535397642E-03   3.1310200726E-03
   27      1.1097520278E-02   5.9879564659E-03   4.3360143138E-04   6.4648752002E-04   3.8300847924E-05
   28     -6.1533682034E-03  -3.7073413693E-03  -1.3650335221E-04  -4.9094123560E-04  -9.3201634349E-06
   29      2.0701662034E-02   6.9368671789E-03   3.9460891857E-04   1.3515947855E-03   2.5581411048E-04
   30      6.4155784055E-03  -1.5764951663E-02  -2.9788188325E-04   8.6770017511E-05   4.0541276490E-04
   31     -2.8912425292E-03   7.6399386075E-03   1.9052479654E-04  -1.6529557898E-04  -1.4553154843E-04
   32      6.1322380431E-03  -2.0244797649E-02  -1.4053182020E-04   3.1104486835E-04   1.9588348487E-04
   33     -1.7172551542E-03  -1.3380212417E-03   1.0165491985E-03   1.1470101338E-04  -2.0454231147E-03
   34      4.3396719172E-06  -6.0528433390E-04  -9.8764149257E-04  -5.1100998062E-05   1.3450635967E-03
   35      1.5816771120E-03   1.8316751358E-03   1.0910256381E-04   4.5683258627E-05   1.6760406765E-04
   36     -2.2152803500E-03  -2.6256930509E-03  -1.2192872341E-03  -1.0539040288E-04   1.2371730960E-04
   37     -4.3166024422E-03  -1.8853774450E-04   1.8674954123E-03   7.3126721993E-04  -4.2872037037E-04
   38     -3.8667286450E-04   6.2555074634E-04  -3.5711979562E-04  -1.0500495762E-04   2.1572590788E-04
   39      7.8274993786E-04   5.5239067725E-04  -2.9880419208E-05   3.1242247835E-05   3.1878975905E-04
   40     -1.3979325467E-04   2.9059989902E-05  -9.0449395668E-05   1.0996115804E-04   5.4904184652E-05
   41     -5.7553423483E-04  -8.3028948260E-04   2.0252989377E-04  -1.2879556938E-05  -3.7193827978E-04
   42     -4.1454777077E-04   7.2536451942E-05  -1.0983401509E-04   7.0082285725E-05   3.4949718792E-05
   43      2.1274024212E-04   4.4522122943E-04   2.7597587980E-05  -1.1679750866E-04   1.5408065105E-04
   44      6.0171912270E-05   3.1542661783E-04   2.2954340925E-05  -2.3957099665E-05  -1.2386956021E-04
                   15                 16                 17                 18                 19        
    0      7.0424532347E-03  -9.7718341330E-03   4.2045018550E-03   1.9694895030E-05   4.0367283463E-04
    1      5.3688868333E-03  -4.0357584666E-02  -5.8509378944E-03   4.4043937605E-05  -3.5778147116E-03
    2      1.5648059454E-03  -5.6321151074E-03   2.3385911398E-03  -1.2792078291E-03  -1.6896195064E-04
    3     -6.6226791990E-03   1.8367543575E-02  -2.2118579873E-03   6.3533354402E-04   1.2590847329E-02
    4      1.7031580850E-02  -2.7029951913E-02   8.7674618599E-03  -4.3719426761E-04  -7.8918289384E-03
    5     -4.1571916331E-03   2.3188092722E-02   7.2701330269E-04  -1.7386119192E-03  -3.1322063560E-02
    6     -1.1586322740E-03   2.4741448384E-03  -1.9296472753E-03  -2.9444389294E-04  -2.3482230539E-03
    7      2.3910414077E-03  -2.1851827671E-03  -6.6358157504E-06  -1.0879580099E-04  -2.9522182387E-04
    8     -2.7649394761E-03   2.3577673915E-03   2.8882081305E-04   2.4121251754E-04   1.6096190510E-03
    9     -1.0273003849E-01   1.7385321183E-02  -3.7449342284E-02  -9.6369690699E-02   2.1767068894E-02
   10      2.0004721362E-02  -8.6359423897E-02   3.2327192771E-02   2.0200591002E-02  -5.2720956176E-02
   11     -3.3916320642E-02   2.9036860311E-02  -1.3376431877E-01   9.8474412271E-02  -4.4054612113E-02
   12      8.6381352026E-04  -1.8389121239E-03  -1.1350202893E-03   1.1428958397E-04  -9.6660718148E-05
   13      6.6971774853E-04  -4.4093043664E-03  -1.9937007511E-03   3.2490817046E-04  -1.1319304163E-04
   14     -1.2253212892E-03  -1.9789079328E-03   2.9373152961E-04   5.9184329047E-05   8.7713314716E-04
   15      5.0517788153E-01  -5.0287876471E-02  -8.6842109128E-02   7.9922196948E-03  -6.6960096749E-03
   16     -5.0287876471E-02   5.6896753693E-01  -6.3466491319E-03  -3.1182540789E-03   6.5838707504E-04
   17     -8.6842109128E-02  -6.3466491319E-03   4.9261647913E-01  -1.5151140014E-02   1.3832298540E-02
   18      7.9922196948E-03  -3.1182540789E-03  -1.5151140014E-02   1.0143956339E-01  -2.2803237158E-02
   19     -6.6960096749E-03   6.5838707504E-04   1.3832298540E-02  -2.2803237158E-02   6.0986885987E-02
   20      1.1175698942E-02  -2.4626351297E-03  -1.8311862243E-02  -1.0621129632E-01   4.6379532943E-02
   21     -1.1358244892E-02  -5.7559581174E-03   1.0542396768E-03  -1.4374629121E-02  -5.4855929172E-03
   22      1.3969905091E-02   5.7751248215E-03   9.3630401947E-04   6.1368975199E-03   2.7635249222E-03
   23     -2.0895141631E-02  -1.0023257253E-02  -2.0798167680E-03   2.7623783827E-02   1.0946929535E-02
   24     -1.0031332062E-01  -4.3498651539E-02  -2.2599968155E-02   9.5217990412E-04   1.6429616719E-03
   25     -5.2624560737E-02  -1.3256585621E-01  -2.3893160591E-02  -2.6453704601E-04  -6.4078384571E-04
   26     -2.3576851621E-02  -2.2155545049E-02  -8.3952763406E-02  -4.8378510235E-04  -6.8157971522E-04
   27     -1.3044995117E-01   1.1970633870E-01   4.2202979660E-02   1.3500717059E-03  -5.6080864973E-04
   28      1.1706672362E-01  -2.1363926651E-01  -5.8998757680E-02  -3.3299042836E-04   7.2149274573E-04
   29      4.2992571372E-02  -6.2093368560E-02  -6.9465109835E-02   5.1940077985E-04  -3.7089980282E-04
   30     -1.4743870047E-01  -4.3353359600E-02   1.2255667527E-01  -5.7770623849E-04   2.0032657137E-03
   31     -4.3119948965E-02  -6.9276004768E-02   5.4090193308E-02   6.0981088838E-04  -3.6593972973E-04
   32      1.2060371485E-01   5.3339882691E-02  -1.8502087507E-01  -2.8125351840E-03   2.9839528190E-03
   33     -2.0367471153E-02  -3.8492385397E-03   1.4873342144E-02  -1.3501051813E-04  -5.7144054098E-04
   34     -1.8602105096E-02  -2.7830791774E-03   9.3234344506E-03   3.9163413845E-05   4.7402323033E-05
   35      1.5485696767E-04   1.8763000717E-03  -3.3435448945E-03   2.8751332380E-04   3.9076432861E-04
   36     -4.5787236326E-03   1.8510936554E-03  -1.4269568125E-02  -7.6855386084E-04  -4.6366482572E-05
   37     -4.8975003084E-03   3.7753326080E-03  -2.3119636379E-02  -3.1259634828E-04   4.9971332291E-04
   38      1.0502817057E-03   2.2510039003E-03  -4.0721059829E-03   9.6251658274E-05  -5.4324345122E-05
   39      4.9722171203E-03   2.1464008097E-03  -4.0428869951E-03   2.7180965439E-04   4.0868787512E-04
   40     -2.6176522818E-04  -3.8897364711E-04   9.8316349063E-04   1.4854513222E-04   1.3274551740E-04
   41     -3.9046147125E-03  -1.6276638111E-03   3.3846167660E-03   2.6895350336E-04  -2.4944783418E-05
   42     -1.0308231946E-03  -4.8101179063E-04   7.4462031621E-04  -2.5512804631E-04  -1.7889122654E-04
   43      1.1443200353E-05  -1.8175350861E-04  -5.2892672617E-05  -1.5562883177E-04  -2.0441362643E-04
   44     -2.6425831824E-04   2.7255736351E-04   3.6114429087E-04   7.7346524918E-05  -3.1603463985E-04
                   20                 21                 22                 23                 24        
    0      9.2346095850E-04   2.0221247850E-04   2.6321156584E-04  -5.0190604779E-04  -1.0120329982E-01
    1     -9.1180993158E-04   4.5517460980E-04  -5.4184778890E-03  -2.2980892602E-04   4.0586112039E-02
    2      1.2316334387E-03   7.0380249640E-04  -8.4347281213E-04   6.8089063032E-04  -3.3164290553E-02
    3     -2.7161161877E-05   3.9446535986E-03  -3.2238455075E-02  -5.4362775693E-03  -1.2461494262E-02
    4     -4.4444503465E-03   6.7626683475E-04  -9.7159986582E-03  -3.4261955143E-03   1.5969318417E-02
    5     -3.8483416068E-03  -9.0975806005E-04  -1.3528432612E-03  -1.6869058007E-03  -1.4679830921E-02
    6     -3.7263214607E-04  -5.2620614484E-06   6.4420142975E-04   5.8339169184E-05   7.3076899037E-03
    7     -1.9581448907E-04  -6.7004909272E-05   1.3761128398E-04  -2.3780883488E-04  -9.1468507752E-03
    8      2.4148579400E-04   1.9803941378E-04  -2.4138345281E-03  -4.6387323787E-04   3.4852269513E-03
    9      9.7521582338E-02  -2.7648791362E-01  -8.8813197352E-02  -4.7298970954E-03  -1.9711967381E-02
   10     -3.8785738548E-02  -8.8513484279E-02  -8.2198144132E-02  -4.1429607841E-04  -5.1005488036E-03
   11     -2.4288446482E-01  -6.7314256664E-03  -1.6378921072E-03  -4.5233367078E-02  -7.4063949709E-03
   12      5.3264666086E-05   5.3016027961E-05   9.8107509119E-04   2.2348683859E-04   3.2795353526E-03
   13     -5.5576323190E-04  -7.8799009359E-04   7.7086396002E-04   1.2870513134E-04  -9.8384152133E-04
   14     -4.5236571357E-04  -2.4684110570E-04   2.5483154770E-04   1.2005439234E-04  -6.3202036264E-03
   15      1.1175698942E-02  -1.1358244892E-02   1.3969905091E-02  -2.0895141631E-02  -1.0031332062E-01
   16     -2.4626351297E-03  -5.7559581174E-03   5.7751248215E-03  -1.0023257253E-02  -4.3498651539E-02
   17     -1.8311862243E-02   1.0542396768E-03   9.3630401947E-04  -2.0798167680E-03  -2.2599968155E-02
   18     -1.0621129632E-01  -1.4374629121E-02   6.1368975199E-03   2.7623783827E-02   9.5217990412E-04
   19      4.6379532943E-02  -5.4855929172E-03   2.7635249222E-03   1.0946929535E-02   1.6429616719E-03
   20      2.6661398105E-01   1.2346779011E-04   2.9065395861E-04   2.9165338731E-04   4.0544199619E-04
   21      1.2346779011E-04   2.9782864405E-01   9.8322694697E-02   8.0940653260E-03  -4.8938974733E-04
   22      2.9065395861E-04   9.8322694697E-02   8.8902795055E-02   2.8579938006E-03   7.8566355461E-04
   23      2.9165338731E-04   8.0940653260E-03   2.8579938006E-03   5.1339410096E-02  -2.8602309441E-03
   24      4.0544199619E-04  -4.8938974733E-04   7.8566355461E-04  -2.8602309441E-03   3.9908463560E-01
   25      1.6082830754E-04   1.6286572600E-03  -2.5320072539E-03   1.6972058696E-03  -5.4230613955E-03
   26     -1.6953694812E-03  -1.3491004899E-03   2.3096740765E-03  -3.1996766269E-03   9.4380604194E-02
   27      2.4276148460E-04  -6.8679724587E-04   5.0692010815E-04  -5.4582578277E-04   1.1176148416E-02
   28      3.4770229452E-05   1.8120892420E-04  -4.3280041080E-04   3.7478853640E-04   1.2566972276E-02
   29      1.5489780523E-03  -8.0197022167E-04   2.5358725121E-04  -5.2641629475E-04   6.7928818764E-03
   30     -2.8815361388E-03   1.7082474226E-03  -2.9462773870E-04  -2.5473705067E-05  -1.3120445807E-02
   31      1.0092325433E-03  -1.5511315300E-04   1.0439351181E-03  -4.8030257599E-04  -1.5586469482E-02
   32     -2.6584670546E-03   8.9204268386E-05  -7.7684118142E-04   1.2549400823E-03  -6.6418106135E-03
   33     -6.3090884842E-04   1.4544850024E-04  -5.4391958451E-04  -8.0227271102E-04  -6.5630480454E-02
   34     -1.2773486139E-04  -5.1845679878E-05   2.3718708678E-04  -3.4986991957E-04   7.4378088327E-03
   35      2.2954986352E-04  -8.3679261859E-05   2.6108908250E-04  -2.6070054389E-05  -8.4570432253E-03
   36     -7.3014436494E-04  -3.2562091750E-04   6.6379108074E-05  -4.6793540025E-04  -4.3306962552E-02
   37     -2.8462016052E-04  -4.8010965140E-04   5.6768654581E-04  -7.6053986625E-04   1.2737075266E-03
   38     -3.2047676240E-05  -9.5410102654E-05   1.1844722080E-04  -2.6996979843E-04  -6.3973240399E-02
   39      6.5840089406E-04  -2.2203097820E-04   1.5124527399E-04   3.9456924252E-04  -6.9181053533E-02
   40      2.2824571479E-04  -9.4844383113E-05   1.7510536013E-04   3.0228059884E-05   3.6961389869E-03
   41      4.4172755472E-05   2.8172328606E-05  -7.8897071608E-05  -6.7986302554E-05   5.8677643898E-02
   42     -2.2188245115E-04   6.7666504072E-05   7.3166208273E-05  -1.5556353879E-04   3.6182249962E-03
   43     -3.6150645162E-04   1.1678096019E-04  -7.6405809478E-05  -1.1637993999E-04  -4.1774322648E-03
   44     -3.1853574464E-04  -4.6526369576E-05  -1.7619202021E-04  -1.3286662637E-04   2.3855581303E-03
                   25                 26                 27                 28                 29        
    0      6.2444122288E-02  -3.1302974665E-02  -2.1726097519E-03  -1.9514976358E-03  -1.5461146361E-03
    1     -1.6945317092E-01   3.0032995938E-02  -3.1406139596E-03  -3.3777320345E-03  -5.7813829564E-04
    2      3.8097627849E-02  -8.8605907611E-02  -1.7479855952E-03  -1.7415366095E-03  -4.5128824780E-04
    3      7.6210244661E-03  -2.6074479165E-02  -1.3828153132E-03   1.0072686201E-03  -3.5072380938E-03
    4      7.9710002514E-04   1.8583868407E-02   1.5805148042E-04  -1.2519258318E-03   2.0130651958E-03
    5      4.9268921773E-03  -1.0681179183E-02  -2.1991969863E-03   9.0678503516E-04  -3.4786851041E-03
    6      1.3090168308E-02   5.8430730277E-03   5.5875519791E-04   3.9095978510E-04   1.3368041157E-04
    7     -1.0553017527E-02  -7.8372110044E-03  -7.7010768354E-04  -8.3516025472E-04  -2.1785073991E-04
    8      9.5296797343E-03   5.1029296499E-03   5.6416224107E-04   7.1971966161E-04   4.3362656720E-04
    9     -1.4665371137E-03  -2.0727542317E-02  -7.5810866878E-03   3.5548105430E-03  -1.2782263070E-02
   10      4.4744213860E-03  -1.4318928986E-02   1.1097520278E-02  -6.1533682034E-03   2.0701662034E-02
   11     -6.1046864685E-03  -1.8347445541E-02   5.9879564659E-03  -3.7073413693E-03   6.9368671789E-03
   12     -5.9447555804E-04  -8.3747028200E-03   4.3360143138E-04  -1.3650335221E-04   3.9460891857E-04
   13     -1.1030590986E-03  -2.3535397642E-03   6.4648752002E-04  -4.9094123560E-04   1.3515947855E-03
   14     -1.7474250307E-03   3.1310200726E-03   3.8300847924E-05  -9.3201634349E-06   2.5581411048E-04
   15     -5.2624560737E-02  -2.3576851621E-02  -1.3044995117E-01   1.1706672362E-01   4.2992571372E-02
   16     -1.3256585621E-01  -2.2155545049E-02   1.1970633870E-01  -2.1363926651E-01  -6.2093368560E-02
   17     -2.3893160591E-02  -8.3952763406E-02   4.2202979660E-02  -5.8998757680E-02  -6.9465109835E-02
   18     -2.6453704601E-04  -4.8378510235E-04   1.3500717059E-03  -3.3299042836E-04   5.1940077985E-04
   19     -6.4078384571E-04  -6.8157971522E-04  -5.6080864973E-04   7.2149274573E-04  -3.7089980282E-04
   20      1.6082830754E-04  -1.6953694812E-03   2.4276148460E-04   3.4770229452E-05   1.5489780523E-03
   21      1.6286572600E-03  -1.3491004899E-03  -6.8679724587E-04   1.8120892420E-04  -8.0197022167E-04
   22     -2.5320072539E-03   2.3096740765E-03   5.0692010815E-04  -4.3280041080E-04   2.5358725121E-04
   23      1.6972058696E-03  -3.1996766269E-03  -5.4582578277E-04   3.7478853640E-04  -5.2641629475E-04
   24     -5.4230613955E-03   9.4380604194E-02   1.1176148416E-02   1.2566972276E-02   6.7928818764E-03
   25      4.2291781889E-01  -1.9400632728E-02  -1.6884309562E-02  -1.6382307910E-02  -6.6093172163E-03
   26     -1.9400632728E-02   5.6474769502E-01  -4.6433876126E-03  -4.7964863568E-03  -2.7796336392E-03
   27     -1.6884309562E-02  -4.6433876126E-03   1.3876002164E-01  -1.2699040072E-01  -4.4586191129E-02
   28     -1.6382307910E-02  -4.7964863568E-03  -1.2699040072E-01   2.3294010235E-01   6.4763319106E-02
   29     -6.6093172163E-03  -2.7796336392E-03  -4.4586191129E-02   6.4763319106E-02   7.3757463107E-02
   30     -6.5933642549E-03   1.2114451301E-02  -1.0823195350E-02  -5.6454728932E-03   1.2723066136E-02
   31     -8.5091546684E-03   1.6560855911E-02   1.6038788026E-02   8.5761581348E-03  -1.9268294995E-02
   32     -5.1253964443E-03   7.2685989404E-03   5.3238404407E-03   2.7813308886E-03  -6.5835589834E-03
   33     -6.1225629689E-03   3.1523909223E-02   7.2361860751E-04   6.3300267856E-04   1.1185817341E-04
   34     -3.5309842389E-02  -3.0210104819E-03  -5.7208818707E-06   5.0612512931E-04   3.2400155119E-04
   35      5.4885895119E-03  -4.2021582608E-02   2.4145743363E-04  -9.2217016611E-05   7.0497888941E-04
   36      5.7230597225E-05  -5.5661436417E-02  -3.9397253126E-04  -5.2709914821E-04  -2.8782664244E-04
   37     -5.1362442241E-02   7.2180676396E-03  -6.1491016540E-05  -8.3229980045E-04  -3.9700725779E-04
   38      7.8880975448E-03  -3.0328698826E-01  -4.0582272780E-04  -3.7462478264E-04  -3.2345396523E-04
   39      7.6914652412E-03   2.7383157245E-02   6.0711703363E-04   3.5713838665E-05  -2.3181247182E-04
   40     -2.3450727914E-04   2.4707962811E-04   2.3647230508E-04   7.1278161319E-04  -7.2214981863E-05
   41     -5.1749384643E-03  -2.3741922609E-02  -4.4197883440E-04   3.0613186338E-04  -7.8816956660E-05
   42     -2.6010870478E-03   9.2472158179E-04  -1.1890597882E-04   1.5463126740E-04   5.4907627652E-05
   43      4.5680903719E-04  -3.9784733407E-04   1.5546676455E-05  -6.0857782421E-05   1.8502394208E-04
   44      2.7687576744E-04  -1.9377747208E-03  -1.0628936581E-05  -1.5172335887E-04   4.9235121230E-05
                   30                 31                 32                 33                 34        
    0     -4.2369430055E-04  -8.9435659792E-04  -4.9342522708E-04  -1.9907978964E-02   2.1373162540E-02
    1      1.0439108705E-04   2.1135383664E-04   1.8578628387E-04   1.1763071698E-02  -1.3499247337E-03
    2     -1.5440965283E-04  -1.0612060175E-03   5.2033352731E-05   6.9526195512E-03  -8.6966209736E-03
    3     -4.8796410707E-04   5.4165386369E-04  -7.0927371042E-04  -8.0141171047E-03   8.0941303112E-04
    4     -8.3226783617E-04   4.2273925266E-04  -6.5933797389E-04   5.9583862524E-03  -1.9320339856E-03
    5     -1.1899257179E-03   2.8929138379E-04  -8.5287132374E-04  -4.1572899600E-03   7.5494934717E-04
    6      1.9607089980E-04   3.2873489902E-04   2.8073289913E-04  -5.0083569751E-04  -7.2766403686E-04
    7     -1.3854636172E-04  -1.9506199182E-04   7.2418668412E-05   1.0277009507E-03  -3.0116165576E-04
    8      9.2352993790E-06  -1.8366484565E-04  -1.6715709332E-04  -2.1540074313E-05   2.0819734407E-04
    9      9.8801287372E-03  -7.2602978635E-03   1.3904672975E-02  -2.1980198669E-03   1.8874935976E-04
   10      6.4155784055E-03  -2.8912425292E-03   6.1322380431E-03  -1.7172551542E-03   4.3396719172E-06
   11     -1.5764951663E-02   7.6399386075E-03  -2.0244797649E-02  -1.3380212417E-03  -6.0528433390E-04
   12     -2.9788188325E-04   1.9052479654E-04  -1.4053182020E-04   1.0165491985E-03  -9.8764149257E-04
   13      8.6770017511E-05  -1.6529557898E-04   3.1104486835E-04   1.1470101338E-04  -5.1100998062E-05
   14      4.0541276490E-04  -1.4553154843E-04   1.9588348487E-04  -2.0454231147E-03   1.3450635967E-03
   15     -1.4743870047E-01  -4.3119948965E-02   1.2060371485E-01  -2.0367471153E-02  -1.8602105096E-02
   16     -4.3353359600E-02  -6.9276004768E-02   5.3339882691E-02  -3.8492385397E-03  -2.7830791774E-03
   17      1.2255667527E-01   5.4090193308E-02  -1.8502087507E-01   1.4873342144E-02   9.3234344506E-03
   18     -5.7770623849E-04   6.0981088838E-04  -2.8125351840E-03  -1.3501051813E-04   3.9163413845E-05
   19      2.0032657137E-03  -3.6593972973E-04   2.9839528190E-03  -5.7144054098E-04   4.7402323033E-05
   20     -2.8815361388E-03   1.0092325433E-03  -2.6584670546E-03  -6.3090884842E-04  -1.2773486139E-04
   21      1.7082474226E-03  -1.5511315300E-04   8.9204268386E-05   1.4544850024E-04  -5.1845679878E-05
   22     -2.9462773870E-04   1.0439351181E-03  -7.7684118142E-04  -5.4391958451E-04   2.3718708678E-04
   23     -2.5473705067E-05  -4.8030257599E-04   1.2549400823E-03  -8.0227271102E-04  -3.4986991957E-04
   24     -1.3120445807E-02  -1.5586469482E-02  -6.6418106135E-03  -6.5630480454E-02   7.4378088327E-03
   25     -6.5933642549E-03  -8.5091546684E-03  -5.1253964443E-03  -6.1225629689E-03  -3.5309842389E-02
   26      1.2114451301E-02   1.6560855911E-02   7.2685989404E-03   3.1523909223E-02  -3.0210104819E-03
   27     -1.0823195350E-02   1.6038788026E-02   5.3238404407E-03   7.2361860751E-04  -5.7208818707E-06
   28     -5.6454728932E-03   8.5761581348E-03   2.7813308886E-03   6.3300267856E-04   5.0612512931E-04
   29      1.2723066136E-02  -1.9268294995E-02  -6.5835589834E-03   1.1185817341E-04   3.2400155119E-04
   30      1.6218851601E-01   5.0777689551E-02  -1.2684078289E-01  -2.2040789532E-03  -2.9577972580E-03
   31      5.0777689551E-02   7.2004749696E-02  -5.8153145048E-02  -2.4796739594E-03  -2.5278262282E-03
   32     -1.2684078289E-01  -5.8153145048E-02   2.0417308198E-01  -3.2622002769E-03  -1.3948929206E-03
   33     -2.2040789532E-03  -2.4796739594E-03  -3.2622002769E-03   7.8272516892E-02  -4.4032399070E-03
   34     -2.9577972580E-03  -2.5278262282E-03  -1.3948929206E-03  -4.4032399070E-03   4.9813500383E-02
   35      1.8370537307E-04   1.6043397489E-04   2.2432292341E-03   6.3632379725E-03  -4.8018527900E-03
   36      8.7227611408E-04   5.3212817260E-04  -2.7255016979E-04  -8.7758993808E-03  -1.1532206364E-03
   37      6.5416627089E-04   1.4810963735E-03   4.7218748347E-04  -3.6762307729E-04   9.4990428515E-04
   38     -3.3283048739E-04  -2.6716106135E-05   1.2757239826E-03   9.1711385255E-04   6.0407465762E-04
   39      6.8322590983E-04   5.2796485332E-04   1.2896727304E-03   4.9487816031E-02   3.8683669645E-03
   40     -3.1318278584E-04   1.2318002149E-04  -1.7100426981E-04  -3.8691574774E-03  -7.0718339168E-03
   41     -6.0912254631E-04  -2.4733429299E-04  -8.3738009701E-04  -4.5090438814E-02  -6.9369717359E-04
   42     -1.5479798787E-04  -4.2176346310E-05  -3.1107262410E-04  -1.9120571368E-03  -4.8215985701E-03
   43      7.7498998856E-05   6.7313061511E-05   6.7140642295E-06   4.4214180331E-03  -2.3165579501E-04
   44     -2.0116899082E-04  -1.8868827138E-04  -9.8383784329E-05  -3.4256807819E-03   7.1159692921E-03
                   35                 36                 37                 38                 39        
    0     -2.4881401125E-03  -3.8697975779E-03   3.9158249264E-03  -5.2204142992E-04   2.3510890961E-03
    1     -5.8387206595E-03   7.0906112887E-04   3.8388669684E-03  -1.8017192114E-03  -4.4479015361E-03
    2      2.1843799249E-04  -1.4924831868E-02   2.7406355579E-02  -4.0405333922E-03  -1.8788892118E-04
    3      4.8625587190E-03  -1.0320672501E-03   2.5275681191E-03   7.9748783714E-05   2.9418493537E-03
    4     -2.5124229791E-03   1.9319951450E-03  -4.9528206135E-03   9.2047300193E-04  -2.0444027903E-03
    5      2.9095006274E-03  -1.9486512652E-03   1.2519552465E-03   1.4984151826E-04   1.9010463567E-03
    6      6.3584889019E-04   6.2566680622E-05  -5.2060436766E-04  -2.9303512111E-04   2.3791911997E-04
    7     -7.2389898669E-04   6.7365752946E-05   4.2545377609E-04   4.6442112714E-04  -2.9250490724E-04
    8     -1.1743230821E-06   6.8521265358E-04  -9.0307707281E-04   9.6386844760E-05  -5.1167443308E-05
    9      9.2066938236E-04  -9.3018339294E-04  -2.2891992036E-03  -7.7485186369E-05   8.2161997429E-04
   10      1.5816771120E-03  -2.2152803500E-03  -4.3166024422E-03  -3.8667286450E-04   7.8274993786E-04
   11      1.8316751358E-03  -2.6256930509E-03  -1.8853774450E-04   6.2555074634E-04   5.5239067725E-04
   12      1.0910256381E-04  -1.2192872341E-03   1.8674954123E-03  -3.5711979562E-04  -2.9880419208E-05
   13      4.5683258627E-05  -1.0539040288E-04   7.3126721993E-04  -1.0500495762E-04   3.1242247835E-05
   14      1.6760406765E-04   1.2371730960E-04  -4.2872037037E-04   2.1572590788E-04   3.1878975905E-04
   15      1.5485696767E-04  -4.5787236326E-03  -4.8975003084E-03   1.0502817057E-03   4.9722171203E-03
   16      1.8763000717E-03   1.8510936554E-03   3.7753326080E-03   2.2510039003E-03   2.1464008097E-03
   17     -3.3435448945E-03  -1.4269568125E-02  -2.3119636379E-02  -4.0721059829E-03  -4.0428869951E-03
   18      2.8751332380E-04  -7.6855386084E-04  -3.1259634828E-04   9.6251658274E-05   2.7180965439E-04
   19      3.9076432861E-04  -4.6366482572E-05   4.9971332291E-04  -5.4324345122E-05   4.0868787512E-04
   20      2.2954986352E-04  -7.3014436494E-04  -2.8462016052E-04  -3.2047676240E-05   6.5840089406E-04
   21     -8.3679261859E-05  -3.2562091750E-04  -4.8010965140E-04  -9.5410102654E-05  -2.2203097820E-04
   22      2.6108908250E-04   6.6379108074E-05   5.6768654581E-04   1.1844722080E-04   1.5124527399E-04
   23     -2.6070054389E-05  -4.6793540025E-04  -7.6053986625E-04  -2.6996979843E-04   3.9456924252E-04
   24     -8.4570432253E-03  -4.3306962552E-02   1.2737075266E-03  -6.3973240399E-02  -6.9181053533E-02
   25      5.4885895119E-03   5.7230597225E-05  -5.1362442241E-02   7.8880975448E-03   7.6914652412E-03
   26     -4.2021582608E-02  -5.5661436417E-02   7.2180676396E-03  -3.0328698826E-01   2.7383157245E-02
   27      2.4145743363E-04  -3.9397253126E-04  -6.1491016540E-05  -4.0582272780E-04   6.0711703363E-04
   28     -9.2217016611E-05  -5.2709914821E-04  -8.3229980045E-04  -3.7462478264E-04   3.5713838665E-05
   29      7.0497888941E-04  -2.8782664244E-04  -3.9700725779E-04  -3.2345396523E-04  -2.3181247182E-04
   30      1.8370537307E-04   8.7227611408E-04   6.5416627089E-04  -3.3283048739E-04   6.8322590983E-04
   31      1.6043397489E-04   5.3212817260E-04   1.4810963735E-03  -2.6716106135E-05   5.2796485332E-04
   32      2.2432292341E-03  -2.7255016979E-04   4.7218748347E-04   1.2757239826E-03   1.2896727304E-03
   33      6.3632379725E-03  -8.7758993808E-03  -3.6762307729E-04   9.1711385255E-04   4.9487816031E-02
   34     -4.8018527900E-03  -1.1532206364E-03   9.4990428515E-04   6.0407465762E-04   3.8683669645E-03
   35      3.1518774564E-02   3.1456586491E-02  -9.6366698852E-04  -1.7277721575E-02  -4.3039914274E-02
   36      3.1456586491E-02   5.7937808129E-02  -1.4721269684E-03   6.4902200739E-02   7.2534054223E-03
   37     -9.6366698852E-04  -1.4721269684E-03   4.9487763958E-02  -9.2479261920E-03   1.7078864253E-04
   38     -1.7277721575E-02   6.4902200739E-02  -9.2479261920E-03   3.2505065056E-01  -6.8116195838E-04
   39     -4.3039914274E-02   7.2534054223E-03   1.7078864253E-04  -6.8116195838E-04   9.3347835213E-02
   40      6.4230649005E-03  -8.5439831833E-04  -2.6353462077E-04   1.0535738112E-04  -1.5653677146E-01
   41      2.7513391473E-02  -5.6434096538E-03  -4.7170614898E-05   1.5350494096E-03   1.1455337042E-01
   42      8.8849346630E-03  -9.2498801600E-04  -7.0711480192E-07  -3.3553543516E-04  -9.3542938998E-02
   43     -1.2795496053E-03   1.1510359053E-03  -2.9385339991E-05  -3.6964736555E-04   1.4746540101E-01
   44     -4.6670483926E-03  -3.0758433204E-04   7.0976893182E-06   3.5389168438E-04  -9.8833676478E-02
                   40                 41                 42                 43                 44        
    0      5.2734608164E-04  -3.2371990991E-03   2.4285502613E-03  -7.2215929031E-04  -1.3644294345E-03
    1     -7.7851364163E-05   4.1609928564E-03   1.1168470483E-03  -3.3782364871E-04  -5.1014757172E-04
    2     -1.1151299945E-03   1.2934521805E-03   9.3407134304E-04  -8.8962332847E-04  -1.4990324325E-04
    3      5.5282698200E-04  -3.2864366817E-03  -9.1300791046E-04   1.2066226577E-03  -2.8627852085E-04
    4      1.1948479268E-06   1.2068948759E-03  -3.4399868178E-04   2.0451050382E-04   1.0200665955E-03
    5     -1.4161021440E-04  -1.6465080390E-03  -2.0057099918E-03   1.3088920633E-03   9.2426016770E-04
    6     -2.5417117005E-04  -2.6632560139E-04  -1.3695864992E-04   1.7982823526E-04   1.9031438464E-04
    7      3.0108635129E-04   3.9951141321E-04  -2.0263913935E-05  -2.6822950228E-04  -7.0185906206E-05
    8      1.1077682393E-04   6.0697086123E-05   9.2390138823E-05  -2.4941357869E-04  -1.1885376291E-04
    9      3.7833723447E-05  -3.4154904494E-04  -2.2395727411E-04  -9.3505419541E-05  -5.9679879804E-05
   10     -1.3979325467E-04  -5.7553423483E-04  -4.1454777077E-04   2.1274024212E-04   6.0171912270E-05
   11      2.9059989902E-05  -8.3028948260E-04   7.2536451942E-05   4.4522122943E-04   3.1542661783E-04
   12     -9.0449395668E-05   2.0252989377E-04  -1.0983401509E-04   2.7597587980E-05   2.2954340925E-05
   13      1.0996115804E-04  -1.2879556938E-05   7.0082285725E-05  -1.1679750866E-04  -2.3957099665E-05
