
$orca_hessian_file

$act_atom
  0

$act_coord
  0

$act_energy
     -270.665518

$multiplicity
  1

$hessian
45
                    0                  1                  2                  3                  4        
    0      5.6012470785E-01   4.9572367099E-02   2.4436768230E-02  -1.3309108529E-01   4.2287053555E-02
    1      4.9572367099E-02   4.2773251988E-01  -8.9424265294E-03   4.5355559251E-02  -1.0145130227E-01
    2      2.4436768230E-02  -8.9424265294E-03   5.6515947403E-01   1.6445046361E-02  -1.4845538692E-02
    3     -1.3309108529E-01   4.5355559251E-02   1.6445046361E-02   3.9728812744E-01  -1.4672659334E-04
    4      4.2287053555E-02  -1.0145130227E-01  -1.4845538692E-02  -1.4672659334E-04   5.8335581006E-01
    5      2.1190028356E-02  -1.4332064802E-02  -8.6080264035E-02   1.8566021913E-03  -3.2800784266E-02
    6     -3.3836363756E-02  -4.1218985007E-03  -4.9568812650E-03  -1.3360793824E-01  -4.2640549639E-02
    7      4.1330914176E-03   6.1338468111E-03   5.2627554924E-03  -4.5734902885E-02  -1.0168697267E-01
    8      5.4158253012E-03   5.3168596922E-03  -4.0604927556E-03  -1.5883348241E-02  -1.4378435546E-02
    9     -2.4799126182E-02  -1.9815603841E-02   6.7449273780E-04   3.0520993932E-03  -2.1235101185E-02
   10     -3.2171027972E-02  -1.0665728486E-02   8.1492243234E-04  -1.1427055807E-02  -3.5715376592E-02
   11      3.6072098328E-03   2.5621344531E-03   6.8205709040E-03   2.2515943066E-03  -6.7040408871E-03
   12     -9.8607324164E-02  -4.8256458533E-02   4.0611602931E-04   2.9668109598E-03   2.1250717195E-02
   13     -3.5866868458E-02  -1.8585406414E-01   1.1406592736E-03   1.1491196862E-02  -3.5651110225E-02
   14      3.3444493271E-04   5.9930684854E-04  -7.0290616111E-02  -2.2983058743E-03  -6.9781915348E-03
   15     -7.7051115453E-02  -1.5786120894E-02   7.9462414473E-02  -6.0097323303E-03  -4.7179730383E-03
   16     -1.8142421583E-02  -5.5514304623E-02   5.1606290919E-02   6.3144390936E-03   2.0495716056E-03
   17      7.8845734807E-02   4.7012788023E-02  -2.6090339171E-01   5.2863517936E-04   2.8492545566E-04
   18     -1.9224993254E-01  -2.3757453422E-02  -1.2871250451E-01  -1.5820335425E-02  -4.5057017182E-03
   19     -2.4401431850E-02  -5.2410620765E-02  -2.2013940654E-02   1.5105984357E-02   3.0807054097E-03
   20     -1.3146640763E-01  -2.2245674400E-02  -1.6114895542E-01   8.7009316285E-03   1.5451084417E-03
   21      8.5597069925E-04   2.2519719114E-02  -1.2703354598E-02  -4.6501484913E-02   9.7848955820E-04
   22     -1.8801047629E-03  -1.1531100430E-02   7.7535347253E-03   9.2779376396E-04  -2.5147253210E-01
   23      5.4635878841E-04  -8.9837563234E-03   3.2539508508E-03  -5.8853351239E-04   1.1927182914E-01
   24     -3.6477672350E-03   6.2013414872E-03   2.7711695715E-02  -4.2975232819E-02  -3.8846544199E-04
   25      4.7479102127E-04  -3.0783772633E-03  -1.7685354507E-02  -3.7741783578E-04  -6.0550636891E-02
   26      2.1090084710E-04  -7.3212598576E-05  -6.5864976876E-03  -2.1424048021E-03  -4.7006149061E-02
   27     -2.6294856152E-03  -2.1524239658E-03  -1.0433637157E-06  -1.5667652856E-02   4.5804985109E-03
   28     -1.5198808804E-03  -3.0102747740E-03  -1.6925587275E-03  -1.4920911783E-02   3.1199960155E-03
   29     -2.3098448959E-03  -8.6854520278E-04   5.1045583718E-04  -8.4106008374E-03   1.5242708179E-03
   30     -7.6275199756E-04   2.1975267817E-04  -1.5628789754E-03  -6.3240444997E-03   4.6339761957E-03
   31     -2.0855616092E-04  -2.3136735043E-04   6.0840231365E-04  -6.5398555957E-03   2.0293290907E-03
   32     -1.0149440468E-03  -5.1319930602E-04  -1.6263120709E-04  -5.2872641367E-04   2.2488102279E-04
   33     -4.6337284382E-03   9.6172232591E-04  -3.7456474912E-04  -1.6613252979E-03   3.4756294058E-03
   34      1.4431115780E-03  -3.0426063776E-04  -7.7429411971E-04   1.6152521111E-03  -3.5714892777E-03
   35      5.3834016236E-04  -3.9685759510E-04   1.1927871765E-02  -5.0397965740E-05  -2.6387143483E-04
   36      1.0574273468E-02  -1.0369619181E-02  -1.3224693908E-03  -1.6469643374E-03  -3.4844744932E-03
   37      1.6530439314E-02  -9.8518221955E-03  -1.7829702937E-03  -1.6171124312E-03  -3.5637407802E-03
   38     -8.3986535809E-04   3.7988559400E-04   1.3251681276E-03   9.5788885505E-05  -1.9890497447E-04
   39     -1.0485088082E-05   2.4859903793E-04  -4.0932601503E-04  -6.3374921019E-05  -5.6719598170E-06
   40     -5.5878701458E-05  -1.2758822029E-04  -2.0046579784E-04  -3.8294085869E-05  -2.5196191280E-04
   41      2.1666293882E-04  -3.8317059631E-04   3.8785479323E-05  -4.3010768528E-05  -2.2367576371E-04
   42     -2.3578625407E-04  -8.1641740231E-04   9.5588888630E-04   6.2133135017E-05  -6.4640286471E-05
   43     -1.9774886937E-04   1.6444446236E-04   7.3044126349E-04  -2.5008487050E-05   2.7971053700E-04
   44      2.3938816989E-04   8.8847564415E-04   1.9657193149E-04   8.0554434208E-05   5.5213491312E-04
                    5                  6                  7                  8                  9        
    0      2.1190028356E-02  -3.3836363756E-02   4.1330914176E-03   5.4158253012E-03  -2.4799126182E-02
    1     -1.4332064802E-02  -4.1218985007E-03   6.1338468111E-03   5.3168596922E-03  -1.9815603841E-02
    2     -8.6080264035E-02  -4.9568812650E-03   5.2627554924E-03  -4.0604927556E-03   6.7449273780E-04
    3      1.8566021913E-03  -1.3360793824E-01  -4.5734902885E-02  -1.5883348241E-02   3.0520993932E-03
    4     -3.2800784266E-02  -4.2640549639E-02  -1.0168697267E-01  -1.4378435546E-02  -2.1235101185E-02
    5      5.8657629679E-01  -2.0483565127E-02  -1.3799212770E-02  -8.5621256227E-02   9.4683683970E-04
    6     -2.0483565127E-02   5.6020303152E-01  -4.9362352958E-02  -2.4826894652E-02  -9.8716316474E-02
    7     -1.3799212770E-02  -4.9362352958E-02   4.2774821562E-01  -7.8708668302E-03   4.8348812047E-02
    8     -8.5621256227E-02  -2.4826894652E-02  -7.8708668302E-03   5.6471939236E-01   2.4151183845E-05
    9      9.4683683970E-04  -9.8716316474E-02   4.8348812047E-02   2.4151183845E-05   8.1851348435E-01
   10      1.9189737834E-03   3.5993889280E-02  -1.8569427512E-01   7.0883492547E-04   1.0341637389E-01
   11      5.8281175911E-04   7.2034072489E-05   4.2304554843E-05  -7.0302793416E-02   5.3574718959E-03
   12     -9.6128486702E-04  -2.5002304459E-02   1.9844922601E-02  -1.8951433198E-04  -5.1944207359E-01
   13      1.6835962408E-03   3.2171979305E-02  -1.0609156970E-02   3.4010236864E-04  -4.5027255949E-03
   14      6.0077057246E-04  -3.1526802501E-03   2.2914501882E-03   6.8694105565E-03   6.7782941412E-03
   15      2.1921258935E-02  -7.0991162917E-04  -2.3549993344E-04   1.5817501945E-03   1.1148411859E-04
   16     -1.9712027609E-02   2.1586102364E-04  -2.2201069253E-04   5.7967874133E-04   2.8619215506E-04
   17     -5.3250550409E-03   1.0091901260E-03  -5.2732031310E-04  -1.9522765158E-04  -1.4262714776E-03
   18     -1.3460500626E-02  -2.6198514446E-03   2.1384052284E-03   5.6590213388E-05  -2.6468535523E-04
   19      1.2186952975E-02   1.4712056027E-03  -3.0038633662E-03  -1.7315115949E-03  -1.3214292902E-03
   20      4.7292112871E-03   2.3289168168E-03  -9.0838084130E-04   4.7525517336E-04   3.5400373221E-04
   21     -5.7775189655E-04   1.0791607872E-03  -2.2620216580E-02   1.2732959529E-02  -4.4413935958E-03
   22      1.1558862479E-01   1.9913691861E-03  -1.1538080410E-02   7.7826551221E-03  -2.0310511706E-03
   23     -1.1534270454E-01  -5.3261581561E-04  -8.6337504084E-03   3.0276586810E-03  -1.1954064761E-03
   24     -2.1256049590E-03  -3.9569900709E-03  -6.1099049938E-03  -2.7701642743E-02  -1.1201741985E-03
   25     -4.6103572574E-02  -6.2082644581E-04  -3.0677707495E-03  -1.7636165334E-02  -9.4557652417E-04
   26     -3.0386758136E-01  -2.7468562249E-04   6.7484981877E-05  -6.1115664077E-03  -1.0472224485E-04
   27      1.3669324761E-02  -1.8962833314E-01   2.3464595375E-02   1.2897409999E-01  -7.6892748247E-03
   28      1.2374453211E-02   2.4082754570E-02  -5.2468209689E-02  -2.2225458626E-02   2.4621853293E-02
   29      4.6912329833E-03   1.3168345011E-01  -2.2504288332E-02  -1.6362243257E-01  -3.0020697691E-03
   30     -2.1933389935E-02  -7.8918698920E-02   1.6171498807E-02  -8.1542556753E-02  -6.2516247724E-03
   31     -1.9681817773E-02   1.8597984675E-02  -5.5333965700E-02   5.0962257358E-02   1.4546330200E-02
   32     -5.0452328888E-03  -8.0899439385E-02   4.6418335898E-02  -2.5897396654E-01  -4.5012022287E-04
   33     -2.9825787330E-04   1.0621466453E-02   1.0437035891E-02   1.1678009270E-03  -1.4969511234E-01
   34      1.0840146287E-03  -1.6506948342E-02  -9.8480483627E-03  -1.5306326758E-03  -1.3573624277E-01
   35      1.8329863617E-03   7.2434806437E-04   2.0774973825E-04   1.3468703734E-03  -6.3206187277E-03
   36      3.6188555450E-04  -4.6367526471E-03  -9.7904676830E-04   6.5310573341E-04  -9.0932894135E-03
   37      1.0971428148E-03  -1.4823388844E-03  -3.1646309390E-04  -7.7141923365E-04  -5.5435540579E-03
   38      1.8187661126E-03  -3.0312939004E-04  -3.8056682333E-04   1.1911726105E-02  -4.6641563323E-04
   39      1.5836403677E-05   1.9821627875E-05  -2.8563342014E-04   4.4881739970E-04   4.1827336562E-04
   40     -5.3155884257E-04  -7.9994660635E-05  -1.0608130785E-04  -2.3353598440E-04   8.1363702909E-04
   41     -1.8151307482E-04  -2.2234614571E-04  -2.5828716343E-04  -1.0855717070E-05   3.5135592676E-03
   42     -1.3524232856E-04  -2.9001960320E-04   7.6934188681E-04  -9.2011638327E-04  -5.8227048371E-04
   43      1.0237225618E-03   3.0972007292E-04   1.2835697096E-05   6.8710329942E-04  -9.0782267242E-04
   44      6.3153130382E-04  -1.5672890394E-04   5.9312694598E-04   5.4827803484E-04  -4.6804999217E-03
                   10                 11                 12                 13                 14        
    0     -3.2171027972E-02   3.6072098328E-03  -9.8607324164E-02  -3.5866868458E-02   3.3444493271E-04
    1     -1.0665728486E-02   2.5621344531E-03  -4.8256458533E-02  -1.8585406414E-01   5.9930684854E-04
    2      8.1492243234E-04   6.8205709040E-03   4.0611602931E-04   1.1406592736E-03  -7.0290616111E-02
    3     -1.1427055807E-02   2.2515943066E-03   2.9668109598E-03   1.1491196862E-02  -2.2983058743E-03
    4     -3.5715376592E-02  -6.7040408871E-03   2.1250717195E-02  -3.5651110225E-02  -6.9781915348E-03
    5      1.9189737834E-03   5.8281175911E-04  -9.6128486702E-04   1.6835962408E-03   6.0077057246E-04
    6      3.5993889280E-02   7.2034072489E-05  -2.5002304459E-02   3.2171979305E-02  -3.1526802501E-03
    7     -1.8569427512E-01   4.2304554843E-05   1.9844922601E-02  -1.0609156970E-02   2.2914501882E-03
    8      7.0883492547E-04  -7.0302793416E-02  -1.8951433198E-04   3.4010236864E-04   6.8694105565E-03
    9      1.0341637389E-01   5.3574718959E-03  -5.1944207359E-01  -4.5027255949E-03   6.7782941412E-03
   10      6.0118205192E-01   7.1969665749E-03   3.6642815244E-03  -1.0402733222E-01  -4.5567406021E-03
   11      7.1969665749E-03   1.4453713964E-01   9.0323977648E-04  -4.3969516285E-03  -5.1045837774E-02
   12      3.6642815244E-03   9.0323977648E-04   8.1839288365E-01  -1.0280961935E-01  -1.6140075190E-02
   13     -1.0402733222E-01  -4.3969516285E-03  -1.0280961935E-01   6.0090408126E-01   9.4524126852E-03
   14     -4.5567406021E-03  -5.1045837774E-02  -1.6140075190E-02   9.4524126852E-03   1.4535332782E-01
   15     -1.4922169208E-03   4.3841487098E-04  -6.0922569063E-03  -5.1356582205E-03   9.8740097997E-03
   16     -3.7038289871E-03   3.2809164047E-04  -1.4200734859E-02  -7.6891568251E-03   2.8994421104E-02
   17      3.6221193674E-04   9.5002449537E-04   5.1692023833E-04   1.7041699158E-03   2.5936452314E-03
   18     -6.4406457283E-04  -6.9822052899E-04  -7.6830061719E-03  -1.7234070173E-03  -4.2940561820E-03
   19     -5.3375160254E-03   2.9684266784E-04  -2.4901756833E-02  -1.3976251743E-03  -2.1551784767E-02
   20     -3.1158585853E-04   4.2993326839E-04   3.0759021153E-03   8.9449451731E-04   2.1913492225E-03
   21     -2.2114407916E-03  -7.1921400866E-04  -4.4202060410E-03   2.1657755483E-03   7.7656740236E-04
   22     -2.0113281085E-03  -3.3454458763E-04   2.0379093691E-03  -1.9922360686E-03  -3.7270951936E-04
   23     -1.9790783922E-03   2.1327294722E-04   1.2381078696E-03  -2.0190160109E-03   2.0154664099E-04
   24      5.8508548167E-04  -4.3316358620E-04  -1.1256501011E-03  -5.7692228389E-04   4.5809127157E-04
   25      4.0811616361E-04   2.3115074360E-04   9.3166962058E-04   4.0682840142E-04   2.1549656397E-04
   26     -1.8958433907E-04   2.3671656904E-04   1.8836210817E-04  -1.7107394191E-04   2.4752901243E-04
   27      1.6846188604E-03   4.4377401518E-03  -2.6592932887E-04   6.6924532728E-04   7.1843140204E-04
   28     -1.3133110946E-03  -2.1849421691E-02   1.3537363399E-03  -5.3584775438E-03   2.7438379541E-04
   29      8.6921981393E-04   2.1964196921E-03  -3.2605114392E-04  -3.1965687638E-04   4.6471521484E-04
   30      5.1594837086E-03  -9.8124714519E-03   1.0776933461E-04   1.5218167329E-03  -4.3015768244E-04
   31     -7.6817854772E-03   2.8821968270E-02  -2.5661589729E-04  -3.6652353140E-03   3.4710850215E-04
   32      1.6363509791E-03   2.6481178578E-03   1.4449084345E-03   3.5285687664E-04   9.5583659429E-04
   33     -1.3029621402E-01  -6.0503551284E-03  -9.0437419025E-03  -2.8104653449E-02  -6.0204793137E-04
   34     -2.5087750227E-01  -6.0474278875E-03   5.5670167792E-03   5.3500645017E-03  -4.2337122711E-05
   35     -7.0621107098E-03  -3.7934421035E-02   5.9035750736E-04   7.6137526798E-04   4.0138040043E-03
   36      2.8086542539E-02   8.3003798621E-04  -1.4981024892E-01   1.3026674539E-01   7.9750630649E-03
   37      5.3498962101E-03   6.4243141171E-05   1.3574579317E-01  -2.5045925177E-01  -8.4174949733E-03
   38      3.3541960817E-04   4.0039469664E-03   8.3225418240E-03  -9.3535575731E-03  -3.8099480016E-02
   39      3.1255935021E-04  -9.1853541098E-04  -1.3975567320E-04  -3.9525968569E-04   4.0126470381E-04
   40      4.7967836132E-05  -4.1863095868E-04  -8.2318363705E-04   1.4444995647E-05  -5.9345684034E-04
   41     -4.5774597427E-04  -3.4696895238E-03  -3.6151908023E-03  -4.3403196927E-04  -4.2058569542E-03
   42     -6.5490605185E-04   7.3153189679E-04   1.6503331081E-04   7.9910561389E-04  -4.1376467376E-04
   43      3.9952252208E-05   2.3887097171E-04   8.8157179894E-04   2.8227093396E-05   3.1905325075E-04
   44      6.8239044472E-04   1.3378765162E-04   4.5605814977E-03   3.8370327552E-04   1.4985598157E-04
                   15                 16                 17                 18                 19        
    0     -7.7051115453E-02  -1.8142421583E-02   7.8845734807E-02  -1.9224993254E-01  -2.4401431850E-02
    1     -1.5786120894E-02  -5.5514304623E-02   4.7012788023E-02  -2.3757453422E-02  -5.2410620765E-02
    2      7.9462414473E-02   5.1606290919E-02  -2.6090339171E-01  -1.2871250451E-01  -2.2013940654E-02
    3     -6.0097323303E-03   6.3144390936E-03   5.2863517936E-04  -1.5820335425E-02   1.5105984357E-02
    4     -4.7179730383E-03   2.0495716056E-03   2.8492545566E-04  -4.5057017182E-03   3.0807054097E-03
    5      2.1921258935E-02  -1.9712027609E-02  -5.3250550409E-03  -1.3460500626E-02   1.2186952975E-02
    6     -7.0991162917E-04   2.1586102364E-04   1.0091901260E-03  -2.6198514446E-03   1.4712056027E-03
    7     -2.3549993344E-04  -2.2201069253E-04  -5.2732031310E-04   2.1384052284E-03  -3.0038633662E-03
    8      1.5817501945E-03   5.7967874133E-04  -1.9522765158E-04   5.6590213388E-05  -1.7315115949E-03
    9      1.1148411859E-04   2.8619215506E-04  -1.4262714776E-03  -2.6468535523E-04  -1.3214292902E-03
   10     -1.4922169208E-03  -3.7038289871E-03   3.6221193674E-04  -6.4406457283E-04  -5.3375160254E-03
   11      4.3841487098E-04   3.2809164047E-04   9.5002449537E-04  -6.9822052899E-04   2.9684266784E-04
   12     -6.0922569063E-03  -1.4200734859E-02   5.1692023833E-04  -7.6830061719E-03  -2.4901756833E-02
   13     -5.1356582205E-03  -7.6891568251E-03   1.7041699158E-03  -1.7234070173E-03  -1.3976251743E-03
   14      9.8740097997E-03   2.8994421104E-02   2.5936452314E-03  -4.2940561820E-03  -2.1551784767E-02
   15      8.3749218208E-02   2.0581998965E-02  -8.8867935129E-02   8.5751295244E-03   5.7652920340E-03
   16      2.0581998965E-02   6.3478035435E-02  -5.3436030747E-02   1.7041758848E-03   1.2725129588E-03
   17     -8.8867935129E-02  -5.3436030747E-02   2.8247277045E-01   7.3647804612E-03   5.0011725960E-03
   18      8.5751295244E-03   1.7041758848E-03   7.3647804612E-03   2.1178190896E-01   2.8186941092E-02
   19      5.7652920340E-03   1.2725129588E-03   5.0011725960E-03   2.8186941092E-02   5.5456126802E-02
   20     -2.2748714668E-02  -3.9671736808E-03  -2.1001299413E-02   1.3898022690E-01   2.5013725123E-02
   21      1.7045826206E-03  -9.7352663991E-04  -1.0989570304E-04  -1.1115420186E-03   7.9037591747E-04
   22     -4.7606160873E-04   1.1553709644E-03  -3.9742777611E-04   5.1793780319E-04  -7.5566576162E-04
   23     -4.3692650115E-04  -1.8170463201E-05   1.1671103982E-03   2.1706888683E-04   5.4226720894E-05
   24     -3.2015583970E-03   4.1430556344E-03   1.4839819534E-03   1.2763629553E-03  -9.1835686818E-04
   25      1.8421132819E-03  -1.5446487998E-03  -8.4683631181E-04  -5.7257489007E-04   1.3615300619E-03
   26      1.0027899470E-03  -1.2524273837E-03   1.1669193116E-03   1.7948301006E-04   3.2821338204E-04
   27     -6.9354857477E-04   2.3514509645E-04   2.9938087609E-05  -6.8188796468E-04   4.4194960231E-04
   28     -1.2112084185E-04   6.0446227596E-04   3.2653590440E-05  -4.4498307396E-04   4.9805685108E-04
   29     -5.8163066286E-04   2.8620271639E-04  -5.8055208010E-05  -1.7777235670E-04   1.3399848572E-04
   30      4.3384906049E-05  -1.1391540714E-05   3.2687324294E-04  -6.8277176438E-04   1.1697010071E-04
   31      4.3109149079E-05   4.9937163428E-05   1.8573962475E-04  -2.3274273861E-04   5.9309059205E-04
   32     -3.2455167652E-04   1.9123661169E-04  -3.5554621831E-04  -1.0293991432E-05   3.5594792498E-05
   33     -2.9226886942E-04  -5.8081767131E-04  -1.0808575219E-05  -4.4098793048E-04  -1.1563228894E-03
   34     -8.6581136832E-05   2.4429478066E-04   9.8100229889E-05  -2.0880763389E-04   1.3895148540E-04
   35     -1.2140413139E-03  -2.6063893573E-03  -2.2413212500E-04   6.3832830660E-04   2.1233085371E-03
   36     -6.0688514087E-06   5.1829690846E-04   4.6146261184E-04   1.5282428177E-04   1.0091328803E-03
   37     -1.3959985257E-04  -4.4926966034E-05   5.3624187437E-04  -3.1834926727E-04   5.6759113391E-04
   38      3.1021041380E-05  -6.8459601656E-04  -2.1889245075E-04   2.1348376169E-04   3.5757859451E-04
   39      1.8787795125E-04   1.2124389290E-04   1.2654438386E-04   2.9805374781E-04   4.1398755951E-04
   40      5.0167032732E-05   1.4907119035E-04   1.2553672552E-04   2.3766408885E-04   7.0748062467E-05
   41      7.9345894939E-06   2.1891347526E-04   5.6123620980E-05  -2.8709195608E-06   1.5603819700E-04
   42     -3.1521631725E-04  -1.9613933444E-04  -2.7396667690E-04  -5.2927885829E-04  -6.1699154736E-04
   43     -1.0722504172E-04  -2.8437948018E-04  -1.4557007556E-04  -3.6258963181E-04  -1.3402226435E-04
   44     -1.5097742929E-04  -5.1837469818E-04  -1.2499368825E-04  -2.7938532870E-04  -3.9746896273E-04
                   20                 21                 22                 23                 24        
    0     -1.3146640763E-01   8.5597069925E-04  -1.8801047629E-03   5.4635878841E-04  -3.6477672350E-03
    1     -2.2245674400E-02   2.2519719114E-02  -1.1531100430E-02  -8.9837563234E-03   6.2013414872E-03
    2     -1.6114895542E-01  -1.2703354598E-02   7.7535347253E-03   3.2539508508E-03   2.7711695715E-02
    3      8.7009316285E-03  -4.6501484913E-02   9.2779376396E-04  -5.8853351239E-04  -4.2975232819E-02
    4      1.5451084417E-03   9.7848955820E-04  -2.5147253210E-01   1.1927182914E-01  -3.8846544199E-04
    5      4.7292112871E-03  -5.7775189655E-04   1.1558862479E-01  -1.1534270454E-01  -2.1256049590E-03
    6      2.3289168168E-03   1.0791607872E-03   1.9913691861E-03  -5.3261581561E-04  -3.9569900709E-03
    7     -9.0838084130E-04  -2.2620216580E-02  -1.1538080410E-02  -8.6337504084E-03  -6.1099049938E-03
    8      4.7525517336E-04   1.2732959529E-02   7.7826551221E-03   3.0276586810E-03  -2.7701642743E-02
    9      3.5400373221E-04  -4.4413935958E-03  -2.0310511706E-03  -1.1954064761E-03  -1.1201741985E-03
   10     -3.1158585853E-04  -2.2114407916E-03  -2.0113281085E-03  -1.9790783922E-03   5.8508548167E-04
   11      4.2993326839E-04  -7.1921400866E-04  -3.3454458763E-04   2.1327294722E-04  -4.3316358620E-04
   12      3.0759021153E-03  -4.4202060410E-03   2.0379093691E-03   1.2381078696E-03  -1.1256501011E-03
   13      8.9449451731E-04   2.1657755483E-03  -1.9922360686E-03  -2.0190160109E-03  -5.7692228389E-04
   14      2.1913492225E-03   7.7656740236E-04  -3.7270951936E-04   2.0154664099E-04   4.5809127157E-04
   15     -2.2748714668E-02   1.7045826206E-03  -4.7606160873E-04  -4.3692650115E-04  -3.2015583970E-03
   16     -3.9671736808E-03  -9.7352663991E-04   1.1553709644E-03  -1.8170463201E-05   4.1430556344E-03
   17     -2.1001299413E-02  -1.0989570304E-04  -3.9742777611E-04   1.1671103982E-03   1.4839819534E-03
   18      1.3898022690E-01  -1.1115420186E-03   5.1793780319E-04   2.1706888683E-04   1.2763629553E-03
   19      2.5013725123E-02   7.9037591747E-04  -7.5566576162E-04   5.4226720894E-05  -9.1835686818E-04
   20      1.7274961127E-01  -1.2518173629E-04  -2.4451781503E-04   1.0420547956E-04   2.4686009841E-04
   21     -1.2518173629E-04   5.0817567270E-02  -1.0022338215E-03   6.1450132095E-04  -1.6470544366E-04
   22     -2.4451781503E-04  -1.0022338215E-03   2.7255639552E-01  -1.2531006240E-01  -3.1772120964E-05
   23      1.0420547956E-04   6.1450132095E-04  -1.2531006240E-01   1.2155495860E-01  -1.4024485190E-04
   24      2.4686009841E-04  -1.6470544366E-04  -3.1772120964E-05  -1.4024485190E-04   5.6406571337E-02
   25      1.7665699712E-04   2.0022276079E-04   6.5991096197E-03   2.8904992701E-02   3.0758037460E-04
   26      1.6249150307E-03  -9.8367347176E-05  -3.3056890976E-03  -1.5344320411E-02   2.1577686650E-03
   27      1.9617404746E-04  -1.0994194594E-03  -5.3752956735E-04  -1.8283565210E-04   1.2723753124E-03
   28      1.5186598635E-04  -7.6065304655E-04  -7.2528689775E-04   7.6604528501E-05   9.2722790635E-04
   29      1.2641374775E-05   1.5058950462E-04  -2.3215623760E-04   8.7275156397E-05  -2.3283602420E-04
   30      5.8783712111E-04   1.6842323339E-03   4.3422738324E-04   4.2131062277E-04  -3.2527845072E-03
   31      2.8122006708E-04   9.5987104321E-04   1.1591007159E-03  -3.7673204419E-05  -4.1916321518E-03
   32     -4.8106394178E-05   1.0677396642E-04  -4.2266858302E-04   1.1732193130E-03  -1.4010404922E-03
   33      1.7893468120E-04   8.2291547750E-04   4.0011933571E-04   2.2544650083E-04   1.5827466222E-04
   34      1.0876678296E-04  -1.0920300935E-03  -6.8511458420E-04  -5.2742616980E-04  -2.3355841187E-04
   35     -1.5554016249E-04  -2.4764673726E-04  -2.1664888317E-04   8.9673706178E-05   3.3129024333E-04
   36     -3.5727173212E-04   8.2616590226E-04  -4.1926685197E-04  -2.2893941581E-04   1.6009750787E-04
   37     -4.4380857589E-04   1.0834537462E-03  -6.6640755135E-04  -5.3707388175E-04   2.4887511342E-04
   38      6.3922892878E-05   2.4378918800E-04  -2.2351404575E-04   8.0944724811E-05  -3.5133557891E-04
   39     -1.1389526528E-04   6.4797151823E-05  -5.1213183463E-06  -2.3663203166E-05  -2.2511048105E-04
   40     -6.6852138719E-05  -2.4527292608E-06   7.4390592337E-05   2.2715303440E-04  -4.7322611972E-06
   41      6.5367488675E-05   6.8450024627E-06   1.2533318395E-04   7.6344307179E-05   6.6157819007E-06
   42      1.4732679991E-04  -1.1664077114E-04   8.3971518206E-06   5.1399228964E-05   3.9629147833E-04
   43      2.3209301012E-05   3.0033243344E-05  -1.6661550400E-04  -4.7358963080E-04   3.3695748912E-05
   44     -9.2511093447E-05  -3.5641676965E-05  -2.0541810931E-04  -3.4313585750E-04   1.0824859531E-05
                   25                 26                 27                 28                 29        
    0      4.7479102127E-04   2.1090084710E-04  -2.6294856152E-03  -1.5198808804E-03  -2.3098448959E-03
    1     -3.0783772633E-03  -7.3212598576E-05  -2.1524239658E-03  -3.0102747740E-03  -8.6854520278E-04
    2     -1.7685354507E-02  -6.5864976876E-03  -1.0433637157E-06  -1.6925587275E-03   5.1045583718E-04
    3     -3.7741783578E-04  -2.1424048021E-03  -1.5667652856E-02  -1.4920911783E-02  -8.4106008374E-03
    4     -6.0550636891E-02  -4.7006149061E-02   4.5804985109E-03   3.1199960155E-03   1.5242708179E-03
    5     -4.6103572574E-02  -3.0386758136E-01   1.3669324761E-02   1.2374453211E-02   4.6912329833E-03
    6     -6.2082644581E-04  -2.7468562249E-04  -1.8962833314E-01   2.4082754570E-02   1.3168345011E-01
    7     -3.0677707495E-03   6.7484981877E-05   2.3464595375E-02  -5.2468209689E-02  -2.2504288332E-02
    8     -1.7636165334E-02  -6.1115664077E-03   1.2897409999E-01  -2.2225458626E-02  -1.6362243257E-01
    9     -9.4557652417E-04  -1.0472224485E-04  -7.6892748247E-03   2.4621853293E-02  -3.0020697691E-03
   10      4.0811616361E-04  -1.8958433907E-04   1.6846188604E-03  -1.3133110946E-03   8.6921981393E-04
   11      2.3115074360E-04   2.3671656904E-04   4.4377401518E-03  -2.1849421691E-02   2.1964196921E-03
   12      9.3166962058E-04   1.8836210817E-04  -2.6592932887E-04   1.3537363399E-03  -3.2605114392E-04
   13      4.0682840142E-04  -1.7107394191E-04   6.6924532728E-04  -5.3584775438E-03  -3.1965687638E-04
   14      2.1549656397E-04   2.4752901243E-04   7.1843140204E-04   2.7438379541E-04   4.6471521484E-04
   15      1.8421132819E-03   1.0027899470E-03  -6.9354857477E-04  -1.2112084185E-04  -5.8163066286E-04
   16     -1.5446487998E-03  -1.2524273837E-03   2.3514509645E-04   6.0446227596E-04   2.8620271639E-04
   17     -8.4683631181E-04   1.1669193116E-03   2.9938087609E-05   3.2653590440E-05  -5.8055208010E-05
   18     -5.7257489007E-04   1.7948301006E-04  -6.8188796468E-04  -4.4498307396E-04  -1.7777235670E-04
   19      1.3615300619E-03   3.2821338204E-04   4.4194960231E-04   4.9805685108E-04   1.3399848572E-04
   20      1.7665699712E-04   1.6249150307E-03   1.9617404746E-04   1.5186598635E-04   1.2641374775E-05
   21      2.0022276079E-04  -9.8367347176E-05  -1.0994194594E-03  -7.6065304655E-04   1.5058950462E-04
   22      6.5991096197E-03  -3.3056890976E-03  -5.3752956735E-04  -7.2528689775E-04  -2.3215623760E-04
   23      2.8904992701E-02  -1.5344320411E-02  -1.8283565210E-04   7.6604528501E-05   8.7275156397E-05
   24      3.0758037460E-04   2.1577686650E-03   1.2723753124E-03   9.2722790635E-04  -2.3283602420E-04
   25      6.0925968632E-02   5.2869648717E-02   5.7184918591E-04   1.3656642497E-03   1.9058348836E-04
   26      5.2869648717E-02   3.2651078534E-01  -2.0799714164E-04   2.8635970786E-04   1.6028513209E-03
   27      5.7184918591E-04  -2.0799714164E-04   2.0877400109E-01  -2.7863192364E-02  -1.3944453667E-01
   28      1.3656642497E-03   2.8635970786E-04  -2.7863192364E-02   5.5371325813E-02   2.5282174997E-02
   29      1.9058348836E-04   1.6028513209E-03  -1.3944453667E-01   2.5282174997E-02   1.7547511818E-01
   30     -1.8506694906E-03  -9.3934614534E-04   8.7066064915E-03  -5.6706286123E-03   2.2480553087E-02
   31     -1.5398247938E-03  -1.2022271901E-03  -1.7730700818E-03   1.2759586468E-03  -3.9557956615E-03
   32     -8.2412449292E-04   1.1790183082E-03  -7.6594343871E-03   5.0345710147E-03  -2.1248244046E-02
   33      3.6863937712E-05   6.9780940955E-06   1.6913412469E-04  -1.0063231605E-03   3.5370826709E-04
   34     -2.5157585327E-04  -1.6919810153E-04   3.4165177326E-04   5.7731814773E-04  -4.5083561944E-04
   35      2.2587700908E-04  -1.5895114807E-04  -2.1385811202E-04   3.7598765145E-04   5.2159118429E-05
   36     -4.5225180379E-05  -2.6719006549E-05  -4.4508143727E-04   1.1831513986E-03  -1.7639287821E-04
   37     -2.6187179784E-04  -1.3465750157E-04   2.1037017110E-04   1.3920646083E-04   1.1138476536E-04
   38      2.4465034467E-04  -1.5049024706E-04  -6.3662325721E-04   2.0973460319E-03  -1.5420709664E-04
   39     -1.1082384112E-05  -4.7569155694E-05   2.9986932480E-04  -3.0809280160E-04   1.5668475531E-04
   40      2.6188756916E-04   1.6992082165E-04  -1.9540051716E-04   1.0428001712E-04  -9.0851183124E-05
   41      2.7933134352E-04   1.2192858933E-04  -7.7859848780E-05   2.2372388523E-04   1.1898824800E-04
   42      6.6765355293E-05   7.4268441730E-05  -4.2137313989E-04   4.3093968203E-04  -1.4311220237E-04
   43     -1.0343985494E-03  -1.9054052078E-04   3.3781596723E-04  -1.8070847872E-04   3.1205709248E-05
   44     -2.6920256284E-04  -4.7125621914E-04   3.7834170895E-04  -4.4959703604E-04  -1.2891820036E-04
                   30                 31                 32                 33                 34        
    0     -7.6275199756E-04  -2.0855616092E-04  -1.0149440468E-03  -4.6337284382E-03   1.4431115780E-03
    1      2.1975267817E-04  -2.3136735043E-04  -5.1319930602E-04   9.6172232591E-04  -3.0426063776E-04
    2     -1.5628789754E-03   6.0840231365E-04  -1.6263120709E-04  -3.7456474912E-04  -7.7429411971E-04
    3     -6.3240444997E-03  -6.5398555957E-03  -5.2872641367E-04  -1.6613252979E-03   1.6152521111E-03
    4      4.6339761957E-03   2.0293290907E-03   2.2488102279E-04   3.4756294058E-03  -3.5714892777E-03
    5     -2.1933389935E-02  -1.9681817773E-02  -5.0452328888E-03  -2.9825787330E-04   1.0840146287E-03
    6     -7.8918698920E-02   1.8597984675E-02  -8.0899439385E-02   1.0621466453E-02  -1.6506948342E-02
    7      1.6171498807E-02  -5.5333965700E-02   4.6418335898E-02   1.0437035891E-02  -9.8480483627E-03
    8     -8.1542556753E-02   5.0962257358E-02  -2.5897396654E-01   1.1678009270E-03  -1.5306326758E-03
    9     -6.2516247724E-03   1.4546330200E-02  -4.5012022287E-04  -1.4969511234E-01  -1.3573624277E-01
   10      5.1594837086E-03  -7.6817854772E-03   1.6363509791E-03  -1.3029621402E-01  -2.5087750227E-01
   11     -9.8124714519E-03   2.8821968270E-02   2.6481178578E-03  -6.0503551284E-03  -6.0474278875E-03
   12      1.0776933461E-04  -2.5661589729E-04   1.4449084345E-03  -9.0437419025E-03   5.5670167792E-03
   13      1.5218167329E-03  -3.6652353140E-03   3.5285687664E-04  -2.8104653449E-02   5.3500645017E-03
   14     -4.3015768244E-04   3.4710850215E-04   9.5583659429E-04  -6.0204793137E-04  -4.2337122711E-05
   15      4.3384906049E-05   4.3109149079E-05  -3.2455167652E-04  -2.9226886942E-04  -8.6581136832E-05
   16     -1.1391540714E-05   4.9937163428E-05   1.9123661169E-04  -5.8081767131E-04   2.4429478066E-04
   17      3.2687324294E-04   1.8573962475E-04  -3.5554621831E-04  -1.0808575219E-05   9.8100229889E-05
   18     -6.8277176438E-04  -2.3274273861E-04  -1.0293991432E-05  -4.4098793048E-04  -2.0880763389E-04
   19      1.1697010071E-04   5.9309059205E-04   3.5594792498E-05  -1.1563228894E-03   1.3895148540E-04
   20      5.8783712111E-04   2.8122006708E-04  -4.8106394178E-05   1.7893468120E-04   1.0876678296E-04
   21      1.6842323339E-03   9.5987104321E-04   1.0677396642E-04   8.2291547750E-04  -1.0920300935E-03
   22      4.3422738324E-04   1.1591007159E-03  -4.2266858302E-04   4.0011933571E-04  -6.8511458420E-04
   23      4.2131062277E-04  -3.7673204419E-05   1.1732193130E-03   2.2544650083E-04  -5.2742616980E-04
   24     -3.2527845072E-03  -4.1916321518E-03  -1.4010404922E-03   1.5827466222E-04  -2.3355841187E-04
   25     -1.8506694906E-03  -1.5398247938E-03  -8.2412449292E-04   3.6863937712E-05  -2.5157585327E-04
   26     -9.3934614534E-04  -1.2022271901E-03   1.1790183082E-03   6.9780940955E-06  -1.6919810153E-04
   27      8.7066064915E-03  -1.7730700818E-03  -7.6594343871E-03   1.6913412469E-04   3.4165177326E-04
   28     -5.6706286123E-03   1.2759586468E-03   5.0345710147E-03  -1.0063231605E-03   5.7731814773E-04
   29      2.2480553087E-02  -3.9557956615E-03  -2.1248244046E-02   3.5370826709E-04  -4.5083561944E-04
   30      8.6046010236E-02  -2.1006167519E-02   9.1099057363E-02  -2.9646144487E-05   1.4723456894E-04
   31     -2.1006167519E-02   6.3276820429E-02  -5.2760205170E-02  -5.2443519162E-04  -6.9993560039E-05
   32      9.1099057363E-02  -5.2760205170E-02   2.8041326746E-01  -4.7859700274E-04   5.4381745424E-04
   33     -2.9646144487E-05  -5.2443519162E-04  -4.7859700274E-04   1.5314485638E-01   1.4572741201E-01
   34      1.4723456894E-04  -6.9993560039E-05   5.4381745424E-04   1.4572741201E-01   2.5898143775E-01
   35     -2.8966291935E-05  -6.8042783413E-04  -2.0598639104E-04   5.7991551610E-03   7.5669321419E-03
   36     -2.5957879978E-04   5.2623084025E-04   1.7863397095E-05   9.7966229390E-04  -7.9328321044E-04
   37      7.9238942102E-05   2.5279245584E-04   9.5055056377E-05   7.8067668288E-04   4.8180304218E-04
   38      1.2186428946E-03  -2.6046127609E-03  -2.3634452227E-04   7.0823610209E-05   1.6256726978E-04
   39      1.5465879826E-04  -9.6631234291E-05  -1.1408453901E-04   2.3379888687E-05   1.2826529219E-04
   40     -2.8956462259E-05   1.6670382261E-04   1.1197503537E-04   4.7113292265E-05   1.1963003489E-04
   41     -6.3607087799E-05   2.8178897290E-04   6.4697565839E-06  -1.6437149736E-04  -8.4427211878E-06
   42     -2.6076069499E-04   1.6209916095E-04   2.2149709732E-04  -1.2287835818E-04  -3.1005938955E-04
   43      7.7696009938E-05  -2.8156072108E-04  -1.0107108509E-04  -2.0023962749E-04  -2.8551519754E-04
   44      1.7023189099E-04  -5.8913161954E-04  -9.9871085321E-05   1.7769365590E-04   9.4611630024E-06
                   35                 36                 37                 38                 39        
    0      5.3834016236E-04   1.0574273468E-02   1.6530439314E-02  -8.3986535809E-04  -1.0485088082E-05
    1     -3.9685759510E-04  -1.0369619181E-02  -9.8518221955E-03   3.7988559400E-04   2.4859903793E-04
    2      1.1927871765E-02  -1.3224693908E-03  -1.7829702937E-03   1.3251681276E-03  -4.0932601503E-04
    3     -5.0397965740E-05  -1.6469643374E-03  -1.6171124312E-03   9.5788885505E-05  -6.3374921019E-05
    4     -2.6387143483E-04  -3.4844744932E-03  -3.5637407802E-03  -1.9890497447E-04  -5.6719598170E-06
    5      1.8329863617E-03   3.6188555450E-04   1.0971428148E-03   1.8187661126E-03   1.5836403677E-05
    6      7.2434806437E-04  -4.6367526471E-03  -1.4823388844E-03  -3.0312939004E-04   1.9821627875E-05
    7      2.0774973825E-04  -9.7904676830E-04  -3.1646309390E-04  -3.8056682333E-04  -2.8563342014E-04
    8      1.3468703734E-03   6.5310573341E-04  -7.7141923365E-04   1.1911726105E-02   4.4881739970E-04
    9     -6.3206187277E-03  -9.0932894135E-03  -5.5435540579E-03  -4.6641563323E-04   4.1827336562E-04
   10     -7.0621107098E-03   2.8086542539E-02   5.3498962101E-03   3.3541960817E-04   3.1255935021E-04
   11     -3.7934421035E-02   8.3003798621E-04   6.4243141171E-05   4.0039469664E-03  -9.1853541098E-04
   12      5.9035750736E-04  -1.4981024892E-01   1.3574579317E-01   8.3225418240E-03  -1.3975567320E-04
   13      7.6137526798E-04   1.3026674539E-01  -2.5045925177E-01  -9.3535575731E-03  -3.9525968569E-04
   14      4.0138040043E-03   7.9750630649E-03  -8.4174949733E-03  -3.8099480016E-02   4.0126470381E-04
   15     -1.2140413139E-03  -6.0688514087E-06  -1.3959985257E-04   3.1021041380E-05   1.8787795125E-04
   16     -2.6063893573E-03   5.1829690846E-04  -4.4926966034E-05  -6.8459601656E-04   1.2124389290E-04
   17     -2.2413212500E-04   4.6146261184E-04   5.3624187437E-04  -2.1889245075E-04   1.2654438386E-04
   18      6.3832830660E-04   1.5282428177E-04  -3.1834926727E-04   2.1348376169E-04   2.9805374781E-04
   19      2.1233085371E-03   1.0091328803E-03   5.6759113391E-04   3.5757859451E-04   4.1398755951E-04
   20     -1.5554016249E-04  -3.5727173212E-04  -4.4380857589E-04   6.3922892878E-05  -1.1389526528E-04
   21     -2.4764673726E-04   8.2616590226E-04   1.0834537462E-03   2.4378918800E-04   6.4797151823E-05
   22     -2.1664888317E-04  -4.1926685197E-04  -6.6640755135E-04  -2.2351404575E-04  -5.1213183463E-06
   23      8.9673706178E-05  -2.2893941581E-04  -5.3707388175E-04   8.0944724811E-05  -2.3663203166E-05
   24      3.3129024333E-04   1.6009750787E-04   2.4887511342E-04  -3.5133557891E-04  -2.2511048105E-04
   25      2.2587700908E-04  -4.5225180379E-05  -2.6187179784E-04   2.4465034467E-04  -1.1082384112E-05
   26     -1.5895114807E-04  -2.6719006549E-05  -1.3465750157E-04  -1.5049024706E-04  -4.7569155694E-05
   27     -2.1385811202E-04  -4.4508143727E-04   2.1037017110E-04  -6.3662325721E-04   2.9986932480E-04
   28      3.7598765145E-04   1.1831513986E-03   1.3920646083E-04   2.0973460319E-03  -3.0809280160E-04
   29      5.2159118429E-05  -1.7639287821E-04   1.1138476536E-04  -1.5420709664E-04   1.5668475531E-04
   30     -2.8966291935E-05  -2.5957879978E-04   7.9238942102E-05   1.2186428946E-03   1.5465879826E-04
   31     -6.8042783413E-04   5.2623084025E-04   2.5279245584E-04  -2.6046127609E-03  -9.6631234291E-05
   32     -2.0598639104E-04   1.7863397095E-05   9.5055056377E-05  -2.3634452227E-04  -1.1408453901E-04
   33      5.7991551610E-03   9.7966229390E-04   7.8067668288E-04   7.0823610209E-05   2.3379888687E-05
   34      7.5669321419E-03  -7.9328321044E-04   4.8180304218E-04   1.6256726978E-04   1.2826529219E-04
   35      2.4849106383E-02  -1.8195807474E-04   1.5433286433E-04  -5.6821273530E-03   3.0379053561E-04
   36     -1.8195807474E-04   1.5334213454E-01  -1.4569212360E-01  -8.0314725767E-03   3.8897144987E-05
   37      1.5433286433E-04  -1.4569212360E-01   2.5854776017E-01   1.0120429320E-02  -1.9847144088E-04
   38     -5.6821273530E-03  -8.0314725767E-03   1.0120429320E-02   2.5143046167E-02  -3.3653324728E-04
   39      3.0379053561E-04   3.8897144987E-05  -1.9847144088E-04  -3.3653324728E-04   5.2120207722E-03
   40      1.6076001441E-04  -5.1942160630E-05   1.5491401927E-04   2.2760617582E-04   8.0760618839E-03
   41      8.0415720497E-05   7.9930902069E-05   1.2902315636E-04   1.9742909370E-04   3.9928058997E-02
   42     -6.6966089713E-04  -1.7607073681E-04   3.2101101982E-04   7.9906107207E-04  -6.2789236100E-03
   43     -3.7308266291E-04   2.3657286666E-04  -3.2947933693E-04  -5.0309364299E-04  -7.9999818309E-03
   44      1.6827078246E-04  -8.3903411004E-05  -1.9706563562E-04  -3.4085045986E-06  -3.9411877455E-02
                   40                 41                 42                 43                 44        
    0     -5.5878701458E-05   2.1666293882E-04  -2.3578625407E-04  -1.9774886937E-04   2.3938816989E-04
    1     -1.2758822029E-04  -3.8317059631E-04  -8.1641740231E-04   1.6444446236E-04   8.8847564415E-04
    2     -2.0046579784E-04   3.8785479323E-05   9.5588888630E-04   7.3044126349E-04   1.9657193149E-04
    3     -3.8294085869E-05  -4.3010768528E-05   6.2133135017E-05  -2.5008487050E-05   8.0554434208E-05
    4     -2.5196191280E-04  -2.2367576371E-04  -6.4640286471E-05   2.7971053700E-04   5.5213491312E-04
    5     -5.3155884257E-04  -1.8151307482E-04  -1.3524232856E-04   1.0237225618E-03   6.3153130382E-04
    6     -7.9994660635E-05  -2.2234614571E-04  -2.9001960320E-04   3.0972007292E-04  -1.5672890394E-04
    7     -1.0608130785E-04  -2.5828716343E-04   7.6934188681E-04   1.2835697096E-05   5.9312694598E-04
    8     -2.3353598440E-04  -1.0855717070E-05  -9.2011638327E-04   6.8710329942E-04   5.4827803484E-04
    9      8.1363702909E-04   3.5135592676E-03  -5.8227048371E-04  -9.0782267242E-04  -4.6804999217E-03
   10      4.7967836132E-05  -4.5774597427E-04  -6.5490605185E-04   3.9952252208E-05   6.8239044472E-04
   11     -4.1863095868E-04  -3.4696895238E-03   7.3153189679E-04   2.3887097171E-04   1.3378765162E-04
   12     -8.2318363705E-04  -3.6151908023E-03   1.6503331081E-04   8.8157179894E-04   4.5605814977E-03
   13      1.4444995647E-05  -4.3403196927E-04   7.9910561389E-04   2.8227093396E-05   3.8370327552E-04
