
$orca_hessian_file

$act_atom
  0

$act_coord
  0

$act_energy
     -270.710401

$multiplicity
  1

$hessian
45
                    0                  1                  2                  3                  4        
    0      5.0556766133E-01   3.9169873044E-02   9.3872540863E-02  -9.6733870066E-02  -2.5507977504E-02
    1      3.9169873044E-02   5.8377433113E-01   1.7315476354E-02  -2.2234675605E-02  -1.0370051062E-01
    2      9.3872540863E-02   1.7315476354E-02   5.0064879178E-01   2.9271242502E-02   4.4148209157E-02
    3     -9.6733870066E-02  -2.2234675605E-02   2.9271242502E-02   5.9494156581E-01  -7.0900990343E-02
    4     -2.5507977504E-02  -1.0370051062E-01   4.4148209157E-02  -7.0900990343E-02   4.3113696025E-01
    5      2.6214174864E-02   4.1314391319E-02  -1.3185771695E-01   6.1501207456E-03   2.5734081962E-02
    6     -3.6263795078E-03  -1.0732743504E-02  -1.4170890707E-03  -7.4055718768E-02  -8.1119881242E-03
    7     -1.4730571981E-02  -3.4398649205E-02  -7.8645254973E-04  -1.0224686726E-02  -1.5237745017E-01
    8      5.2701686241E-03   1.7754298610E-02   8.5158290103E-03  -6.8993570959E-03  -3.9231430058E-02
    9      7.4935411115E-03   1.3659029599E-02   1.4422069014E-03  -4.9316183404E-03   1.3341690518E-02
   10      1.0515232309E-03  -3.8817785749E-02  -7.9281123765E-03   2.3028247828E-02  -1.4012556845E-02
   11     -5.3572195480E-05  -1.2378267442E-02   8.3698511239E-04   1.7044759735E-02  -1.6055363235E-02
   12     -1.0604919226E-01   3.7917333641E-02   3.0351368397E-02  -1.7719249317E-02   1.2986211438E-03
   13      3.7645763894E-02  -1.1599636058E-01  -3.0942750228E-02  -5.5829657549E-03   9.0571821593E-03
   14      2.8822302609E-02  -2.4584992674E-02  -1.0116991825E-01   2.9549023920E-02  -1.0412457108E-02
   15     -1.6387570087E-01   4.4310201178E-02  -1.2176469257E-01   1.0633844110E-02  -5.2941942063E-03
   16      4.3416242254E-02  -6.7780370218E-02   4.3948393930E-02   1.1353312743E-02  -4.4150649146E-03
   17     -1.2276900279E-01   4.3953548528E-02  -1.6981445432E-01  -1.6370505790E-02   6.2819700221E-03
   18     -1.0077226924E-01  -1.0218759656E-01  -4.2624190295E-02  -5.6196564931E-03  -9.9837162895E-03
   19     -9.8824185246E-02  -2.3064173729E-01  -7.6641515587E-02  -3.9974187241E-03  -1.0192385841E-02
   20     -4.1483200837E-02  -7.9229011663E-02  -8.1090616078E-02   9.9844355396E-03   2.0845474631E-02
   21     -9.8026414778E-03   5.8307347543E-03   1.3604484392E-03  -2.5818176917E-01   9.1407887056E-02
   22     -1.8411947380E-02   8.9860747503E-03   5.6776410486E-03   9.0271617362E-02  -8.5962260552E-02
   23      1.8516784773E-02  -1.0255984270E-02  -6.0448579619E-03   6.2833093618E-02  -2.7674085918E-02
   24      9.4170710193E-03  -1.3486040854E-03   1.2604262649E-02  -1.4076377735E-01   1.2001709455E-02
   25      1.2582357554E-02  -3.1756927086E-03   1.7498126340E-02   1.2246856274E-02  -4.6703750840E-02
   26     -1.4078129894E-02   2.1144311167E-03  -1.8414731339E-02  -1.2136497036E-01   1.1235704935E-02
   27     -9.0827304841E-04  -4.9235515808E-04   8.2879215908E-04  -1.5312565938E-03  -9.5308011925E-04
   28     -1.0078573915E-03  -4.5353092595E-03  -3.0993462706E-03  -1.0901998119E-03  -1.6160000406E-02
   29     -2.4769267837E-05  -3.1556521018E-03  -1.3839765952E-03  -1.5057961046E-03  -1.2508458922E-02
   30     -4.5546637379E-04  -7.8487218508E-05  -5.0471731201E-05  -1.0844521715E-04   1.3596352063E-03
   31      6.3796061653E-05   1.1128771458E-03  -4.8181416240E-04  -2.4577509529E-02  -2.1757787283E-03
   32      4.4080529340E-04   1.4514261353E-05   2.9110413627E-04  -1.2660513898E-02  -1.2533880218E-03
   33     -1.3338695164E-03  -2.8357050108E-03   1.0630482625E-03  -3.5646378184E-03  -4.8852325596E-04
   34     -2.6027095285E-03  -3.7037233439E-03  -1.2066634655E-04  -1.2784541219E-03  -3.6287013321E-04
   35      1.4073278012E-03   1.4400071017E-03   3.5186681534E-04   3.5008449260E-03  -6.7872755337E-04
   36     -3.9235197787E-03  -4.5417552639E-03   1.6557750864E-02  -2.4777435327E-03   1.6266397487E-03
   37      6.2704663695E-03   6.4937581226E-03  -2.1366840606E-02   2.6390011113E-03  -3.8132363097E-03
   38      2.6364876327E-03   4.3343367009E-03  -9.4419236240E-03   1.7438362345E-03  -1.6153918916E-03
   39     -3.3975119782E-02   2.5926012828E-03  -2.0365118620E-02   8.3055007777E-04   1.7858169360E-04
   40      2.0334184315E-02   2.8113114813E-03   1.2021080791E-02  -1.3688035518E-04  -8.5227904502E-04
   41      7.2829939518E-04   1.1113315548E-03   7.6502742660E-03  -1.4768224969E-03   9.5593462510E-04
   42     -1.0219715397E-03   9.5696604128E-04  -1.1737781140E-03  -7.1821733201E-04   9.2731000864E-05
   43      5.6622517397E-04  -4.2821365387E-04   7.8983440381E-04   4.1771967306E-04   5.3400199950E-04
   44      5.4346249235E-04   2.2030870604E-04   9.2334399854E-04   2.0209307088E-04   2.4198081372E-04
                    5                  6                  7                  8                  9        
    0      2.6214174864E-02  -3.6263795078E-03  -1.4730571981E-02   5.2701686241E-03   7.4935411115E-03
    1      4.1314391319E-02  -1.0732743504E-02  -3.4398649205E-02   1.7754298610E-02   1.3659029599E-02
    2     -1.3185771695E-01  -1.4170890707E-03  -7.8645254973E-04   8.5158290103E-03   1.4422069014E-03
    3      6.1501207456E-03  -7.4055718768E-02  -1.0224686726E-02  -6.8993570959E-03  -4.9316183404E-03
    4      2.5734081962E-02  -8.1119881242E-03  -1.5237745017E-01  -3.9231430058E-02   1.3341690518E-02
    5      5.5175884661E-01  -8.9486604021E-03  -3.7415605025E-02  -9.6788144811E-02   6.4652126334E-03
    6     -8.9486604021E-03   4.9556999381E-01   3.8307982736E-02   1.4647348709E-02  -1.5417153054E-01
    7     -3.7415605025E-02   3.8307982736E-02   5.1366836913E-01  -7.4740013475E-02   6.5716494540E-03
    8     -9.6788144811E-02   1.4647348709E-02  -7.4740013475E-02   4.9116797285E-01   8.3598623738E-02
    9      6.4652126334E-03  -1.5417153054E-01   6.5716494540E-03   8.3598623738E-02   3.7189519120E-01
   10     -1.9276426851E-02  -2.5662293774E-03  -8.1222343129E-02  -4.5133898788E-03  -1.5321877085E-02
   11     -1.4312851051E-02   7.6769180167E-02  -1.2391193941E-02  -1.0588392320E-01  -2.0340675168E-01
   12      1.5703991411E-02  -1.0600517348E-02  -1.8702917739E-02   1.3359421765E-02  -8.5345174789E-02
   13     -8.2448656545E-04  -8.3802698570E-03   1.0271985998E-04   7.0181977650E-03  -5.2484307687E-02
   14     -1.7859212769E-02   1.6006650017E-02   1.0684809268E-02   2.2374009347E-03   2.4065389959E-02
   15      1.3368738965E-02   3.5268236208E-04   8.4139345977E-04  -2.6073334940E-04  -1.9374538177E-04
   16      1.1613840221E-02   5.4972286221E-04   7.6520462781E-04   3.1260230358E-04   1.8453521334E-04
   17     -1.9868231447E-02  -2.4347749980E-05  -7.6254872276E-04   4.8546354634E-04  -1.2580366015E-04
   18     -6.8592635401E-03  -6.7722674758E-04  -6.2665361759E-04   3.1076296882E-03  -2.6563096650E-03
   19     -6.4124305465E-03  -4.1834220435E-04  -1.7913820328E-03   1.7585781099E-03   1.4559121342E-03
   20      1.0290526657E-02   2.0201066714E-03   3.1826157859E-03  -3.7251620139E-03   2.6244803177E-03
   21      6.6032778389E-02   5.7012598604E-03  -3.6463349197E-03  -3.3579933097E-03   3.4396091357E-04
   22     -2.8554830526E-02   2.5309699843E-02  -8.5759382067E-03  -7.8539064607E-03  -7.3980539404E-04
   23     -6.7278739504E-02   1.0433091789E-02  -3.0975247648E-03  -3.9742071467E-03   1.1192489068E-03
   24     -1.2143073384E-01  -2.6792545885E-03  -5.0676862735E-04  -2.5355679844E-03   2.2352940655E-04
   25      1.1735646260E-02  -1.9288879300E-02  -6.4125424468E-04  -2.5556178270E-02  -1.0755407990E-03
   26     -2.1514295593E-01  -7.2111588601E-03   1.5459578983E-03  -8.9976742487E-03   5.3133449614E-05
   27      7.0950066314E-04  -4.1017961753E-02  -4.0299159424E-03   6.3470587857E-03  -3.9365038148E-03
   28      1.9390928691E-02  -3.1036235672E-03  -1.8933960736E-01   1.2575576549E-01  -2.0128126610E-03
   29      1.1765741279E-02   4.9019889073E-03   1.3072826462E-01  -1.6548580626E-01   2.4177068175E-03
   30     -1.5643794539E-04  -2.1394347985E-01  -9.3748247600E-03  -1.1919671638E-01  -2.5611710532E-02
   31     -1.7752985213E-02  -7.2062253013E-03  -4.5329783317E-02  -4.1059722311E-03   1.0080878288E-03
   32     -1.0706286902E-02  -1.0531580242E-01  -5.2313231030E-03  -1.1192547104E-01   1.7571280306E-02
   33      2.3034259224E-03   9.0470526765E-04   1.9022638826E-02   5.6391261750E-03  -7.3173557445E-02
   34      1.1130619656E-03  -3.2714171575E-03   4.9195090603E-03   3.2844007053E-03   7.5290943822E-02
   35     -7.1413346717E-04   3.6304296249E-05  -1.1358886718E-02  -2.4697725261E-03   6.5766110257E-02
   36      1.6159111119E-03  -8.0037357908E-04  -3.8521197115E-04   7.7890629896E-04  -2.8383341395E-03
   37     -1.6179963546E-03  -1.4370145962E-03  -3.2510676533E-03   3.9506102725E-04  -9.5778155963E-03
   38      2.2609367688E-04  -9.1955246346E-04   2.0796628849E-04  -9.6261581964E-04   2.0293280332E-03
   39     -5.6424546420E-04  -4.3180893769E-04  -2.5258638408E-03  -3.1389701544E-04  -2.9041781458E-02
   40      1.7694133432E-04   7.3132623087E-04  -3.0495868053E-03  -4.0811742136E-04  -3.1641346960E-02
   41     -1.4929314359E-04  -4.4210347246E-04  -9.1305261406E-04  -1.9980554733E-03  -4.6991497963E-03
   42     -6.0599805987E-04  -5.2438968260E-04   3.6557136688E-06  -1.9228381487E-04   1.9440434738E-03
   43      7.6181588971E-04  -3.7556874723E-04   5.2125944993E-04   1.4608480934E-04   1.3417236472E-03
   44      6.3635775616E-04  -5.2769095195E-04   3.3100602803E-04  -1.9583379887E-04   1.1042788106E-03
                   10                 11                 12                 13                 14        
    0      1.0515232309E-03  -5.3572195480E-05  -1.0604919226E-01   3.7645763894E-02   2.8822302609E-02
    1     -3.8817785749E-02  -1.2378267442E-02   3.7917333641E-02  -1.1599636058E-01  -2.4584992674E-02
    2     -7.9281123765E-03   8.3698511239E-04   3.0351368397E-02  -3.0942750228E-02  -1.0116991825E-01
    3      2.3028247828E-02   1.7044759735E-02  -1.7719249317E-02  -5.5829657549E-03   2.9549023920E-02
    4     -1.4012556845E-02  -1.6055363235E-02   1.2986211438E-03   9.0571821593E-03  -1.0412457108E-02
    5     -1.9276426851E-02  -1.4312851051E-02   1.5703991411E-02  -8.2448656545E-04  -1.7859212769E-02
    6     -2.5662293774E-03   7.6769180167E-02  -1.0600517348E-02  -8.3802698570E-03   1.6006650017E-02
    7     -8.1222343129E-02  -1.2391193941E-02  -1.8702917739E-02   1.0271985998E-04   1.0684809268E-02
    8     -4.5133898788E-03  -1.0588392320E-01   1.3359421765E-02   7.0181977650E-03   2.2374009347E-03
    9     -1.5321877085E-02  -2.0340675168E-01  -8.5345174789E-02  -5.2484307687E-02   2.4065389959E-02
   10      5.9232049305E-01   1.3253005572E-01  -3.8454552857E-02  -1.8904263368E-01   8.4941303506E-03
   11      1.3253005572E-01   2.6515951782E-01   2.5510697589E-02   1.4968089365E-02  -7.0294136636E-02
   12     -3.8454552857E-02   2.5510697589E-02   4.3617439723E-01   2.0643502696E-02  -8.1873850573E-02
   13     -1.8904263368E-01   1.4968089365E-02   2.0643502696E-02   4.6319006894E-01  -5.2498116950E-02
   14      8.4941303506E-03  -7.0294136636E-02  -8.1873850573E-02  -5.2498116950E-02   5.9475909234E-01
   15      1.1467692253E-04   1.0224859511E-03  -1.2994407065E-02   2.0802068581E-03  -1.7701575810E-02
   16     -5.4125827851E-04  -6.9163018083E-04   1.0743752838E-02  -3.7136980498E-03   1.4272724507E-02
   17      1.1320895058E-04   9.6148425377E-05   9.4023863478E-03  -3.4787772610E-03   8.3752633299E-03
   18      2.9580887873E-03   1.8303191262E-03   8.5490664068E-03   1.9702635527E-02   7.2253659070E-03
   19     -2.6920506622E-03  -1.2526172448E-03  -9.7755140789E-03  -1.5303341499E-02  -5.7278198826E-03
   20     -1.3507816584E-03  -1.2257781869E-03  -8.1912687862E-03  -1.0523831220E-02  -5.0706310229E-03
   21     -1.3674316519E-03  -1.2735203175E-04  -3.2234785754E-05  -2.1959334935E-03   1.6219554676E-03
   22     -5.6456992443E-03  -1.8275271215E-03  -1.1267535848E-03  -3.6215240651E-03   3.0721629342E-03
   23     -1.8560500521E-03  -1.1280836876E-03   9.6471659189E-04   2.1051577722E-03  -4.0594416484E-03
   24      2.3374772760E-04   3.9147536529E-04   3.0688937077E-04   1.1202405460E-04  -4.5301848537E-04
   25      7.4501058644E-05   1.0403062403E-03   2.6556989084E-04  -1.2636377046E-04  -3.4083350961E-04
   26     -1.0448934015E-04   5.4020600327E-04  -1.7611865387E-03   1.7685793591E-04  -9.4365815936E-04
   27     -2.1144555028E-02   1.5984525953E-02  -2.4022337914E-03   2.4576753131E-05   2.2625840709E-03
   28      4.6295300583E-03  -2.1744455974E-03   1.3670086891E-03  -1.5133918889E-03   3.7524279257E-04
   29      1.2901251547E-02  -8.5910406973E-03   8.8912981474E-04  -1.4542867176E-03  -2.0153005952E-03
   30     -1.9277745619E-03  -2.4663682961E-03  -9.2481319739E-04   1.8762493773E-03   1.5564232272E-03
   31      1.2386530945E-03   9.9764706459E-04  -6.6686461211E-05  -1.1891739916E-03   6.9497667171E-04
   32      2.2331987344E-03   1.1156254946E-02  -3.2761204169E-04  -6.8514528273E-04  -2.3414074074E-03
   33      7.5578841366E-02   6.5257805139E-02   7.9786847581E-03  -1.0262358133E-02  -6.8361060279E-03
   34     -2.6032027005E-01  -1.1557278509E-01   1.3882545291E-02  -1.0486439913E-02  -1.0681360953E-02
   35     -1.1669039125E-01  -8.5866440636E-02  -2.0015946702E-03   6.0973270577E-03   4.1718550459E-03
   36     -4.1273168303E-03   1.0543335507E-02  -5.1951959068E-02  -1.3376677873E-02   6.3747136221E-02
   37     -4.8559960505E-03   2.5007186292E-02  -1.0570388998E-02  -6.7377595009E-02   5.9719645232E-02
   38      9.9701251508E-04   1.3551617073E-03   5.3549827294E-02   5.2617968405E-02  -2.8262763384E-01
   39     -1.7617483638E-02  -9.3642462816E-03  -1.6207768347E-01  -9.9144561584E-03  -3.0400098967E-02
   40     -2.3266108458E-03  -1.2276004085E-02  -2.3585470139E-03  -6.4246718290E-02   1.2495218118E-02
   41     -4.3950938108E-03   6.1533127500E-03  -6.1615917207E-02   7.1522798349E-03  -1.0519988022E-01
   42     -4.3797086607E-04   1.0384109554E-03  -2.9115726706E-03   2.0046328690E-02  -3.7611980360E-02
   43      1.2140272700E-03   4.8110405577E-05  -4.9972923502E-03   2.6726977384E-04  -5.5791996297E-03
   44     -1.1256837465E-03   2.0046673309E-03   6.0596894303E-03   1.0287386921E-02  -1.7962391099E-02
                   15                 16                 17                 18                 19        
    0     -1.6387570087E-01   4.3416242254E-02  -1.2276900279E-01  -1.0077226924E-01  -9.8824185246E-02
    1      4.4310201178E-02  -6.7780370218E-02   4.3953548528E-02  -1.0218759656E-01  -2.3064173729E-01
    2     -1.2176469257E-01   4.3948393930E-02  -1.6981445432E-01  -4.2624190295E-02  -7.6641515587E-02
    3      1.0633844110E-02   1.1353312743E-02  -1.6370505790E-02  -5.6196564931E-03  -3.9974187241E-03
    4     -5.2941942063E-03  -4.4150649146E-03   6.2819700221E-03  -9.9837162895E-03  -1.0192385841E-02
    5      1.3368738965E-02   1.1613840221E-02  -1.9868231447E-02  -6.8592635401E-03  -6.4124305465E-03
    6      3.5268236208E-04   5.4972286221E-04  -2.4347749980E-05  -6.7722674758E-04  -4.1834220435E-04
    7      8.4139345977E-04   7.6520462781E-04  -7.6254872276E-04  -6.2665361759E-04  -1.7913820328E-03
    8     -2.6073334940E-04   3.1260230358E-04   4.8546354634E-04   3.1076296882E-03   1.7585781099E-03
    9     -1.9374538177E-04   1.8453521334E-04  -1.2580366015E-04  -2.6563096650E-03   1.4559121342E-03
   10      1.1467692253E-04  -5.4125827851E-04   1.1320895058E-04   2.9580887873E-03  -2.6920506622E-03
   11      1.0224859511E-03  -6.9163018083E-04   9.6148425377E-05   1.8303191262E-03  -1.2526172448E-03
   12     -1.2994407065E-02   1.0743752838E-02   9.4023863478E-03   8.5490664068E-03  -9.7755140789E-03
   13      2.0802068581E-03  -3.7136980498E-03  -3.4787772610E-03   1.9702635527E-02  -1.5303341499E-02
   14     -1.7701575810E-02   1.4272724507E-02   8.3752633299E-03   7.2253659070E-03  -5.7278198826E-03
   15      1.7946518656E-01  -4.8709555189E-02   1.2987644696E-01  -9.0503217210E-03   4.4168018996E-03
   16     -4.8709555189E-02   6.8150341034E-02  -5.1218245753E-02  -1.8096409061E-02   8.5496051228E-03
   17      1.2987644696E-01  -5.1218245753E-02   1.8767326706E-01  -7.0800659639E-03   3.4882113617E-03
   18     -9.0503217210E-03  -1.8096409061E-02  -7.0800659639E-03   1.0607677576E-01   1.0851620559E-01
   19      4.4168018996E-03   8.5496051228E-03   3.4882113617E-03   1.0851620559E-01   2.5096184351E-01
   20     -8.7865499216E-03  -1.8596869126E-02  -7.6706429729E-03   4.5281161310E-02   8.3635428837E-02
   21      1.3516570231E-03   2.6176620161E-05  -8.9227291268E-05  -4.2467999215E-04  -2.4336687206E-04
   22      8.0328774732E-04   9.1111113779E-04  -1.0179261971E-03  -3.5211575467E-05  -1.7154997148E-04
   23     -5.0860723137E-04  -7.7325107794E-04   9.6129436694E-04   6.4210226278E-05   3.1355539055E-04
   24     -4.5069023328E-04  -1.2224655149E-03   2.9161543492E-03   1.0867793898E-03   5.5307422166E-04
   25     -2.7188346806E-03  -1.3213013967E-03   3.6026013283E-03   7.4156992624E-04   5.5396095426E-04
   26      2.8072046572E-03   2.1679239702E-03  -2.5782220322E-03   6.2270837107E-07  -1.2571291891E-04
   27     -2.9819010291E-05  -2.4012510823E-04   2.7280361858E-04   2.3900627400E-04  -2.8747136986E-04
   28      2.0466467020E-04   1.3801237914E-04  -3.2682973519E-06  -7.4115709729E-04  -6.8055345677E-04
   29     -1.6852543922E-05  -1.9837918269E-04   2.1479290768E-04  -4.5414243684E-04  -4.2761589472E-04
   30     -7.0044828518E-05  -3.6632683272E-04   2.4434578509E-04   1.6045655653E-04  -1.9382678406E-04
   31      1.7203875698E-04  -2.4230299951E-04   5.6089305777E-04   3.5827472552E-04  -1.7558826676E-04
   32     -2.5971430120E-04  -6.4093607154E-05   2.9699360280E-04   8.4093838800E-06  -1.0882649998E-04
   33      1.1005520351E-04  -1.4201951947E-04  -1.1735991785E-04   6.4761841415E-04  -2.6805984728E-04
   34      2.6019363506E-04  -1.9804441578E-04   2.2104197113E-05   1.0114940397E-03  -8.8897790234E-04
   35      8.1570161693E-07  -1.0475488552E-04  -7.3681615920E-06  -3.5061237451E-04   3.3318671426E-04
   36      3.9168760713E-04  -4.0890038973E-04   5.6837709167E-05  -1.1052857327E-04   4.2179236002E-04
   37     -1.0042917633E-03   1.2773032577E-03   8.2773311179E-04  -3.3132435308E-04  -2.4474079978E-04
   38      2.1190876445E-04   9.9571204964E-05   1.2158685134E-03   3.8618016052E-06  -2.0601147038E-04
   39     -5.4480663447E-03   2.7996747212E-03   3.2577069092E-03   2.6409355564E-03  -1.4060639621E-03
   40      4.6731693715E-03  -1.5346601451E-03  -2.0218018967E-03  -1.5236296910E-03   3.1214263901E-03
   41      1.6032768733E-03  -5.3532184295E-04   7.7603832547E-04  -6.9670632496E-05   1.4897016958E-03
   42     -1.9231741197E-04   7.5775883796E-05   5.5997525007E-04  -8.9645922947E-05   1.9568177485E-05
   43     -1.1315017968E-04  -4.4877140984E-05  -3.7128322779E-04   2.6832436212E-04  -4.0452825667E-04
   44      3.9750408998E-04  -2.0892968228E-04  -1.5621114255E-04  -6.8578643145E-05  -1.2374091560E-04
                   20                 21                 22                 23                 24        
    0     -4.1483200837E-02  -9.8026414778E-03  -1.8411947380E-02   1.8516784773E-02   9.4170710193E-03
    1     -7.9229011663E-02   5.8307347543E-03   8.9860747503E-03  -1.0255984270E-02  -1.3486040854E-03
    2     -8.1090616078E-02   1.3604484392E-03   5.6776410486E-03  -6.0448579619E-03   1.2604262649E-02
    3      9.9844355396E-03  -2.5818176917E-01   9.0271617362E-02   6.2833093618E-02  -1.4076377735E-01
    4      2.0845474631E-02   9.1407887056E-02  -8.5962260552E-02  -2.7674085918E-02   1.2001709455E-02
    5      1.0290526657E-02   6.6032778389E-02  -2.8554830526E-02  -6.7278739504E-02  -1.2143073384E-01
    6      2.0201066714E-03   5.7012598604E-03   2.5309699843E-02   1.0433091789E-02  -2.6792545885E-03
    7      3.1826157859E-03  -3.6463349197E-03  -8.5759382067E-03  -3.0975247648E-03  -5.0676862735E-04
    8     -3.7251620139E-03  -3.3579933097E-03  -7.8539064607E-03  -3.9742071467E-03  -2.5355679844E-03
    9      2.6244803177E-03   3.4396091357E-04  -7.3980539404E-04   1.1192489068E-03   2.2352940655E-04
   10     -1.3507816584E-03  -1.3674316519E-03  -5.6456992443E-03  -1.8560500521E-03   2.3374772760E-04
   11     -1.2257781869E-03  -1.2735203175E-04  -1.8275271215E-03  -1.1280836876E-03   3.9147536529E-04
   12     -8.1912687862E-03  -3.2234785754E-05  -1.1267535848E-03   9.6471659189E-04   3.0688937077E-04
   13     -1.0523831220E-02  -2.1959334935E-03  -3.6215240651E-03   2.1051577722E-03   1.1202405460E-04
   14     -5.0706310229E-03   1.6219554676E-03   3.0721629342E-03  -4.0594416484E-03  -4.5301848537E-04
   15     -8.7865499216E-03   1.3516570231E-03   8.0328774732E-04  -5.0860723137E-04  -4.5069023328E-04
   16     -1.8596869126E-02   2.6176620161E-05   9.1111113779E-04  -7.7325107794E-04  -1.2224655149E-03
   17     -7.6706429729E-03  -8.9227291268E-05  -1.0179261971E-03   9.6129436694E-04   2.9161543492E-03
   18      4.5281161310E-02  -4.2467999215E-04  -3.5211575467E-05   6.4210226278E-05   1.0867793898E-03
   19      8.3635428837E-02  -2.4336687206E-04  -1.7154997148E-04   3.1355539055E-04   5.5307422166E-04
   20      8.5099962202E-02   2.7349872380E-04  -3.9395370598E-04   2.1610704436E-05  -8.0001181429E-04
   21      2.7349872380E-04   2.7649031292E-01  -9.7988499490E-02  -7.1712158485E-02  -1.6851067336E-02
   22     -3.9395370598E-04  -9.7988499490E-02   9.2034190718E-02   3.1629696872E-02   1.4819337199E-03
   23      2.1610704436E-05  -7.1712158485E-02   3.1629696872E-02   7.3839172325E-02  -2.4010462164E-02
   24     -8.0001181429E-04  -1.6851067336E-02   1.4819337199E-03  -2.4010462164E-02   1.4897951996E-01
   25     -7.7311017734E-04   7.0947059438E-03  -9.1867663167E-04   1.0434536918E-02  -9.5866903176E-03
   26      1.4231881661E-03   5.3234574285E-03  -4.2478178734E-04   7.7784328671E-03   1.3326818402E-01
   27      1.4156455892E-04  -1.4900910278E-04   2.1835766043E-04  -1.2531080965E-04   2.9293553924E-04
   28      1.3047653718E-03   2.1386550145E-04  -7.7598332440E-04  -1.8328864705E-04  -3.6818045686E-04
   29      7.0660851705E-04   3.1006471317E-04   3.1741765069E-05  -8.9266946491E-05   3.3960777242E-04
   30      1.3824407948E-04   9.6588884958E-04  -3.1266175685E-04   1.2536103009E-04   1.0123114903E-03
   31      2.8629238983E-04   3.2546540764E-04   2.0068072130E-03   3.6720740462E-04  -1.3538142041E-03
   32      1.0742549826E-04   4.0797753629E-04   6.2389113217E-04   3.8188527832E-04  -2.4934519940E-04
   33     -3.7657691230E-04   4.1326335865E-04   1.1428461223E-03   5.0756165864E-04   3.8565752275E-05
   34     -4.9600956940E-04   5.5526717674E-05   4.2983906998E-04  -2.6826270729E-05  -4.9152607806E-06
   35      4.1590600079E-04  -1.6546668448E-04  -1.0873951648E-03  -4.9006490785E-04  -1.2586447545E-04
   36      2.3826034521E-04  -3.9833228300E-04  -4.8011351639E-04   8.2837304517E-04   4.7916516675E-05
   37     -1.6197558416E-04   5.0988678198E-04   8.7300132801E-04  -8.0917271871E-04   5.5634794222E-05
   38     -2.0302571809E-04   2.2873311998E-04   4.8795737632E-04  -5.7179969498E-04  -1.6329548625E-04
   39     -1.1437476682E-03   1.3152470913E-04  -7.5522693183E-05   6.3794586370E-04  -3.5200628130E-04
   40      2.0663110945E-03   2.1220300473E-04   5.8739951157E-04  -2.8860249923E-05  -1.0883447381E-04
   41      8.0659897566E-04   6.4378318181E-05  -2.7079782286E-04   7.8603508540E-04  -1.7997808525E-04
   42      6.4548127575E-05   4.4186650858E-04  -6.7925155508E-05   3.3016104692E-04  -3.0872265167E-04
   43      2.1228344597E-04  -2.2418726896E-04  -1.5679173259E-04  -1.8699259139E-04   4.3367999975E-05
   44      1.1402927129E-04  -1.7510419382E-04  -5.0090137910E-05  -1.3196912944E-04   4.2735814961E-04
                   25                 26                 27                 28                 29        
    0      1.2582357554E-02  -1.4078129894E-02  -9.0827304841E-04  -1.0078573915E-03  -2.4769267837E-05
    1     -3.1756927086E-03   2.1144311167E-03  -4.9235515808E-04  -4.5353092595E-03  -3.1556521018E-03
    2      1.7498126340E-02  -1.8414731339E-02   8.2879215908E-04  -3.0993462706E-03  -1.3839765952E-03
    3      1.2246856274E-02  -1.2136497036E-01  -1.5312565938E-03  -1.0901998119E-03  -1.5057961046E-03
    4     -4.6703750840E-02   1.1235704935E-02  -9.5308011925E-04  -1.6160000406E-02  -1.2508458922E-02
    5      1.1735646260E-02  -2.1514295593E-01   7.0950066314E-04   1.9390928691E-02   1.1765741279E-02
    6     -1.9288879300E-02  -7.2111588601E-03  -4.1017961753E-02  -3.1036235672E-03   4.9019889073E-03
    7     -6.4125424468E-04   1.5459578983E-03  -4.0299159424E-03  -1.8933960736E-01   1.3072826462E-01
    8     -2.5556178270E-02  -8.9976742487E-03   6.3470587857E-03   1.2575576549E-01  -1.6548580626E-01
    9     -1.0755407990E-03   5.3133449614E-05  -3.9365038148E-03  -2.0128126610E-03   2.4177068175E-03
   10      7.4501058644E-05  -1.0448934015E-04  -2.1144555028E-02   4.6295300583E-03   1.2901251547E-02
   11      1.0403062403E-03   5.4020600327E-04   1.5984525953E-02  -2.1744455974E-03  -8.5910406973E-03
   12      2.6556989084E-04  -1.7611865387E-03  -2.4022337914E-03   1.3670086891E-03   8.8912981474E-04
   13     -1.2636377046E-04   1.7685793591E-04   2.4576753131E-05  -1.5133918889E-03  -1.4542867176E-03
   14     -3.4083350961E-04  -9.4365815936E-04   2.2625840709E-03   3.7524279257E-04  -2.0153005952E-03
   15     -2.7188346806E-03   2.8072046572E-03  -2.9819010291E-05   2.0466467020E-04  -1.6852543922E-05
   16     -1.3213013967E-03   2.1679239702E-03  -2.4012510823E-04   1.3801237914E-04  -1.9837918269E-04
   17      3.6026013283E-03  -2.5782220322E-03   2.7280361858E-04  -3.2682973519E-06   2.1479290768E-04
   18      7.4156992624E-04   6.2270837107E-07   2.3900627400E-04  -7.4115709729E-04  -4.5414243684E-04
   19      5.5396095426E-04  -1.2571291891E-04  -2.8747136986E-04  -6.8055345677E-04  -4.2761589472E-04
   20     -7.7311017734E-04   1.4231881661E-03   1.4156455892E-04   1.3047653718E-03   7.0660851705E-04
   21      7.0947059438E-03   5.3234574285E-03  -1.4900910278E-04   2.1386550145E-04   3.1006471317E-04
   22     -9.1867663167E-04  -4.2478178734E-04   2.1835766043E-04  -7.7598332440E-04   3.1741765069E-05
   23      1.0434536918E-02   7.7784328671E-03  -1.2531080965E-04  -1.8328864705E-04  -8.9266946491E-05
   24     -9.5866903176E-03   1.3326818402E-01   2.9293553924E-04  -3.6818045686E-04   3.3960777242E-04
   25      5.4908997438E-02  -1.4048423835E-02  -4.0414492085E-04   1.8465082258E-03   7.9068741406E-04
   26     -1.4048423835E-02   2.3435851439E-01   2.7411667352E-04  -1.3983673965E-05   1.1689268495E-03
   27     -4.0414492085E-04   2.7411667352E-04   4.9973075982E-02   7.5131770294E-03  -6.1070751002E-03
   28      1.8465082258E-03  -1.3983673965E-05   7.5131770294E-03   2.0532117845E-01  -1.4162462551E-01
   29      7.9068741406E-04   1.1689268495E-03  -6.1070751002E-03  -1.4162462551E-01   1.7624994983E-01
   30      3.2307253015E-05   4.5298494767E-04   6.4425400608E-05  -1.8919791220E-04  -1.3113855002E-03
   31     -4.9466797123E-03  -1.8872501359E-03   2.0593840043E-02   3.7757071327E-04   1.4125651194E-02
   32     -3.7460009221E-03  -2.7718849716E-04  -2.0019406288E-02   9.0541260965E-05  -1.2674409010E-02
   33      3.3067234895E-04   1.8877572642E-04   4.7843532895E-04  -6.9968978831E-04   5.6570557032E-05
   34     -6.5822776743E-07  -1.1986426608E-04   7.3735149899E-04   1.0788823644E-04  -4.2860242364E-04
   35      1.0776110517E-04  -3.2985037355E-05  -7.5191516919E-04   1.8964608641E-04   3.3765531053E-04
   36     -8.1487372609E-06   2.4530680616E-04  -4.2353401809E-04  -1.7261353122E-04   3.1877191063E-04
   37      8.4820019506E-05  -5.8225704254E-05  -8.4710117089E-04   2.1056898769E-05   7.2199855672E-04
   38     -1.1610434696E-04   1.4872704803E-04   2.7546494153E-04   9.5219810746E-06  -1.0101267690E-04
   39     -2.0269546596E-04   7.4501857498E-04  -6.5705001747E-04   1.6502445535E-04   3.2598328916E-04
   40      1.0949155314E-04   1.4951707064E-04  -6.4889361101E-04   7.4210633591E-04   7.2408880920E-04
   41     -5.1827491403E-04   1.3551511931E-03  -2.7143996920E-04   6.5798717530E-05   4.9769893800E-05
   42      9.6759983140E-06   1.0578758812E-03   7.7626256332E-06  -4.2524304836E-05  -1.7297959391E-04
   43      2.5609828294E-04  -6.1630455111E-04  -7.5544379575E-05  -1.7900560101E-04  -2.2014421178E-04
   44     -1.0209634440E-04  -3.8573126886E-04   2.1191267741E-04  -8.9171333095E-05  -1.5263180605E-04
                   30                 31                 32                 33                 34        
    0     -4.5546637379E-04   6.3796061653E-05   4.4080529340E-04  -1.3338695164E-03  -2.6027095285E-03
    1     -7.8487218508E-05   1.1128771458E-03   1.4514261353E-05  -2.8357050108E-03  -3.7037233439E-03
    2     -5.0471731201E-05  -4.8181416240E-04   2.9110413627E-04   1.0630482625E-03  -1.2066634655E-04
    3     -1.0844521715E-04  -2.4577509529E-02  -1.2660513898E-02  -3.5646378184E-03  -1.2784541219E-03
    4      1.3596352063E-03  -2.1757787283E-03  -1.2533880218E-03  -4.8852325596E-04  -3.6287013321E-04
    5     -1.5643794539E-04  -1.7752985213E-02  -1.0706286902E-02   2.3034259224E-03   1.1130619656E-03
    6     -2.1394347985E-01  -7.2062253013E-03  -1.0531580242E-01   9.0470526765E-04  -3.2714171575E-03
    7     -9.3748247600E-03  -4.5329783317E-02  -5.2313231030E-03   1.9022638826E-02   4.9195090603E-03
    8     -1.1919671638E-01  -4.1059722311E-03  -1.1192547104E-01   5.6391261750E-03   3.2844007053E-03
    9     -2.5611710532E-02   1.0080878288E-03   1.7571280306E-02  -7.3173557445E-02   7.5290943822E-02
   10     -1.9277745619E-03   1.2386530945E-03   2.2331987344E-03   7.5578841366E-02  -2.6032027005E-01
   11     -2.4663682961E-03   9.9764706459E-04   1.1156254946E-02   6.5257805139E-02  -1.1557278509E-01
   12     -9.2481319739E-04  -6.6686461211E-05  -3.2761204169E-04   7.9786847581E-03   1.3882545291E-02
   13      1.8762493773E-03  -1.1891739916E-03  -6.8514528273E-04  -1.0262358133E-02  -1.0486439913E-02
   14      1.5564232272E-03   6.9497667171E-04  -2.3414074074E-03  -6.8361060279E-03  -1.0681360953E-02
   15     -7.0044828518E-05   1.7203875698E-04  -2.5971430120E-04   1.1005520351E-04   2.6019363506E-04
   16     -3.6632683272E-04  -2.4230299951E-04  -6.4093607154E-05  -1.4201951947E-04  -1.9804441578E-04
   17      2.4434578509E-04   5.6089305777E-04   2.9699360280E-04  -1.1735991785E-04   2.2104197113E-05
   18      1.6045655653E-04   3.5827472552E-04   8.4093838800E-06   6.4761841415E-04   1.0114940397E-03
   19     -1.9382678406E-04  -1.7558826676E-04  -1.0882649998E-04  -2.6805984728E-04  -8.8897790234E-04
   20      1.3824407948E-04   2.8629238983E-04   1.0742549826E-04  -3.7657691230E-04  -4.9600956940E-04
   21      9.6588884958E-04   3.2546540764E-04   4.0797753629E-04   4.1326335865E-04   5.5526717674E-05
   22     -3.1266175685E-04   2.0068072130E-03   6.2389113217E-04   1.1428461223E-03   4.2983906998E-04
   23      1.2536103009E-04   3.6720740462E-04   3.8188527832E-04   5.0756165864E-04  -2.6826270729E-05
   24      1.0123114903E-03  -1.3538142041E-03  -2.4934519940E-04   3.8565752275E-05  -4.9152607806E-06
   25      3.2307253015E-05  -4.9466797123E-03  -3.7460009221E-03   3.3067234895E-04  -6.5822776743E-07
   26      4.5298494767E-04  -1.8872501359E-03  -2.7718849716E-04   1.8877572642E-04  -1.1986426608E-04
   27      6.4425400608E-05   2.0593840043E-02  -2.0019406288E-02   4.7843532895E-04   7.3735149899E-04
   28     -1.8919791220E-04   3.7757071327E-04   9.0541260965E-05  -6.9968978831E-04   1.0788823644E-04
   29     -1.3113855002E-03   1.4125651194E-02  -1.2674409010E-02   5.6570557032E-05  -4.2860242364E-04
   30      2.4012402781E-01   1.0579323199E-02   1.2072888778E-01  -2.3031529177E-04  -1.4114190891E-04
   31      1.0579323199E-02   4.9019471369E-02   7.5689330161E-03  -2.4818531861E-04   2.1639559680E-05
   32      1.2072888778E-01   7.5689330161E-03   1.2568424898E-01  -7.8240521173E-04  -1.8148193282E-04
   33     -2.3031529177E-04  -2.4818531861E-04  -7.8240521173E-04   6.7643221369E-02  -8.2926276772E-02
   34     -1.4114190891E-04   2.1639559680E-05  -1.8148193282E-04  -8.2926276772E-02   2.6859066051E-01
   35      5.8410201140E-04  -4.6358095751E-04  -3.5020758807E-04  -6.7204396283E-02   1.2306596711E-01
   36     -2.0623123245E-04  -7.5826603838E-05   1.9427764403E-04   4.6929559284E-05   6.4113163924E-05
   37     -4.1115565488E-04   4.4329871998E-06   5.5864137401E-04   4.5832443832E-04   6.2199893070E-04
   38     -1.4731938182E-04   2.3687726357E-05   1.5763388284E-04   2.4637415384E-04   5.0505583965E-04
   39     -8.4148993550E-04   3.8386130428E-04   2.9604592988E-04   2.1783353576E-04  -1.1140880257E-03
   40     -1.0102781590E-03   3.9898437205E-04   3.9494074189E-04   1.4384291285E-03   1.4591464814E-03
   41     -6.6340093921E-04   2.1241290758E-04   3.1716142971E-04   4.1665705213E-04  -2.1202610931E-04
   42      6.4886351244E-05   4.6308971023E-05  -1.1442787242E-05  -1.7693247619E-04   5.5848248046E-05
   43      1.5541163452E-04  -1.2112943916E-04  -2.3318556962E-04  -1.1994822667E-04  -1.8969785945E-04
   44      1.4030959220E-04  -1.2731431426E-04  -1.1773731073E-04  -3.7059014837E-04  -1.8934420099E-04
                   35                 36                 37                 38                 39        
    0      1.4073278012E-03  -3.9235197787E-03   6.2704663695E-03   2.6364876327E-03  -3.3975119782E-02
    1      1.4400071017E-03  -4.5417552639E-03   6.4937581226E-03   4.3343367009E-03   2.5926012828E-03
    2      3.5186681534E-04   1.6557750864E-02  -2.1366840606E-02  -9.4419236240E-03  -2.0365118620E-02
    3      3.5008449260E-03  -2.4777435327E-03   2.6390011113E-03   1.7438362345E-03   8.3055007777E-04
    4     -6.7872755337E-04   1.6266397487E-03  -3.8132363097E-03  -1.6153918916E-03   1.7858169360E-04
    5     -7.1413346717E-04   1.6159111119E-03  -1.6179963546E-03   2.2609367688E-04  -5.6424546420E-04
    6      3.6304296249E-05  -8.0037357908E-04  -1.4370145962E-03  -9.1955246346E-04  -4.3180893769E-04
    7     -1.1358886718E-02  -3.8521197115E-04  -3.2510676533E-03   2.0796628849E-04  -2.5258638408E-03
    8     -2.4697725261E-03   7.7890629896E-04   3.9506102725E-04  -9.6261581964E-04  -3.1389701544E-04
    9      6.5766110257E-02  -2.8383341395E-03  -9.5778155963E-03   2.0293280332E-03  -2.9041781458E-02
   10     -1.1669039125E-01  -4.1273168303E-03  -4.8559960505E-03   9.9701251508E-04  -1.7617483638E-02
   11     -8.5866440636E-02   1.0543335507E-02   2.5007186292E-02   1.3551617073E-03  -9.3642462816E-03
   12     -2.0015946702E-03  -5.1951959068E-02  -1.0570388998E-02   5.3549827294E-02  -1.6207768347E-01
   13      6.0973270577E-03  -1.3376677873E-02  -6.7377595009E-02   5.2617968405E-02  -9.9144561584E-03
   14      4.1718550459E-03   6.3747136221E-02   5.9719645232E-02  -2.8262763384E-01  -3.0400098967E-02
   15      8.1570161693E-07   3.9168760713E-04  -1.0042917633E-03   2.1190876445E-04  -5.4480663447E-03
   16     -1.0475488552E-04  -4.0890038973E-04   1.2773032577E-03   9.9571204964E-05   2.7996747212E-03
   17     -7.3681615920E-06   5.6837709167E-05   8.2773311179E-04   1.2158685134E-03   3.2577069092E-03
   18     -3.5061237451E-04  -1.1052857327E-04  -3.3132435308E-04   3.8618016052E-06   2.6409355564E-03
   19      3.3318671426E-04   4.2179236002E-04  -2.4474079978E-04  -2.0601147038E-04  -1.4060639621E-03
   20      4.1590600079E-04   2.3826034521E-04  -1.6197558416E-04  -2.0302571809E-04  -1.1437476682E-03
   21     -1.6546668448E-04  -3.9833228300E-04   5.0988678198E-04   2.2873311998E-04   1.3152470913E-04
   22     -1.0873951648E-03  -4.8011351639E-04   8.7300132801E-04   4.8795737632E-04  -7.5522693183E-05
   23     -4.9006490785E-04   8.2837304517E-04  -8.0917271871E-04  -5.7179969498E-04   6.3794586370E-04
   24     -1.2586447545E-04   4.7916516675E-05   5.5634794222E-05  -1.6329548625E-04  -3.5200628130E-04
   25      1.0776110517E-04  -8.1487372609E-06   8.4820019506E-05  -1.1610434696E-04  -2.0269546596E-04
   26     -3.2985037355E-05   2.4530680616E-04  -5.8225704254E-05   1.4872704803E-04   7.4501857498E-04
   27     -7.5191516919E-04  -4.2353401809E-04  -8.4710117089E-04   2.7546494153E-04  -6.5705001747E-04
   28      1.8964608641E-04  -1.7261353122E-04   2.1056898769E-05   9.5219810746E-06   1.6502445535E-04
   29      3.3765531053E-04   3.1877191063E-04   7.2199855672E-04  -1.0101267690E-04   3.2598328916E-04
   30      5.8410201140E-04  -2.0623123245E-04  -4.1115565488E-04  -1.4731938182E-04  -8.4148993550E-04
   31     -4.6358095751E-04  -7.5826603838E-05   4.4329871998E-06   2.3687726357E-05   3.8386130428E-04
   32     -3.5020758807E-04   1.9427764403E-04   5.5864137401E-04   1.5763388284E-04   2.9604592988E-04
   33     -6.7204396283E-02   4.6929559284E-05   4.5832443832E-04   2.4637415384E-04   2.1783353576E-04
   34      1.2306596711E-01   6.4113163924E-05   6.2199893070E-04   5.0505583965E-04  -1.1140880257E-03
   35      8.5020674367E-02  -6.0872022612E-04  -8.7929918552E-04   2.0461382106E-04   4.6685731524E-05
   36     -6.0872022612E-04   7.4841058364E-02   1.2314229518E-02  -4.9532599416E-02  -7.2287239901E-03
   37     -8.7929918552E-04   1.2314229518E-02   6.5416275805E-02  -6.2304457148E-02   2.1041394599E-03
   38      2.0461382106E-04  -4.9532599416E-02  -6.2304457148E-02   3.1211547570E-01  -7.3397121841E-03
   39      4.6685731524E-05  -7.2287239901E-03   2.1041394599E-03  -7.3397121841E-03   2.7901558986E-01
   40      8.0220568002E-04   1.0636287125E-02   3.9618984509E-03   7.1707433018E-03   4.3474158921E-02
   41     -1.7589897262E-04  -3.9778615994E-02   5.5067855910E-04  -2.0481528912E-02   5.5357373433E-02
   42     -1.2553098798E-04  -4.9683118518E-03  -1.3551579642E-04  -2.8497690786E-03  -4.2782703526E-02
   43     -7.3468780464E-04  -1.5235717424E-03   7.8809002189E-04  -2.2265146884E-03  -1.8876924039E-02
   44     -3.9570006414E-04  -5.1785057919E-03  -5.6831864574E-04  -1.0340340636E-03   8.8148351991E-03
                   40                 41                 42                 43                 44        
    0      2.0334184315E-02   7.2829939518E-04  -1.0219715397E-03   5.6622517397E-04   5.4346249235E-04
    1      2.8113114813E-03   1.1113315548E-03   9.5696604128E-04  -4.2821365387E-04   2.2030870604E-04
    2      1.2021080791E-02   7.6502742660E-03  -1.1737781140E-03   7.8983440381E-04   9.2334399854E-04
    3     -1.3688035518E-04  -1.4768224969E-03  -7.1821733201E-04   4.1771967306E-04   2.0209307088E-04
    4     -8.5227904502E-04   9.5593462510E-04   9.2731000864E-05   5.3400199950E-04   2.4198081372E-04
    5      1.7694133432E-04  -1.4929314359E-04  -6.0599805987E-04   7.6181588971E-04   6.3635775616E-04
    6      7.3132623087E-04  -4.4210347246E-04  -5.2438968260E-04  -3.7556874723E-04  -5.2769095195E-04
    7     -3.0495868053E-03  -9.1305261406E-04   3.6557136688E-06   5.2125944993E-04   3.3100602803E-04
    8     -4.0811742136E-04  -1.9980554733E-03  -1.9228381487E-04   1.4608480934E-04  -1.9583379887E-04
    9     -3.1641346960E-02  -4.6991497963E-03   1.9440434738E-03   1.3417236472E-03   1.1042788106E-03
   10     -2.3266108458E-03  -4.3950938108E-03  -4.3797086607E-04   1.2140272700E-03  -1.1256837465E-03
   11     -1.2276004085E-02   6.1533127500E-03   1.0384109554E-03   4.8110405577E-05   2.0046673309E-03
   12     -2.3585470139E-03  -6.1615917207E-02  -2.9115726706E-03  -4.9972923502E-03   6.0596894303E-03
   13     -6.4246718290E-02   7.1522798349E-03   2.0046328690E-02   2.6726977384E-04   1.0287386921E-02
