
$orca_hessian_file

$act_atom
  0

$act_coord
  0

$act_energy
     -270.664836

$multiplicity
  1

$hessian
45
                    0                  1                  2                  3                  4        
    0      5.6197550500E-01   4.8951507559E-02   2.6248596583E-02  -1.3117666742E-01   4.1968474288E-02
    1      4.8951507559E-02   4.3233733799E-01  -9.8922861259E-03   4.5294522695E-02  -1.0185006353E-01
    2      2.6248596583E-02  -9.8922861259E-03   5.6197367799E-01   1.8004549106E-02  -1.6123329314E-02
    3     -1.3117666742E-01   4.5294522695E-02   1.8004549106E-02   3.9814914252E-01  -9.9693720561E-04
    4      4.1968474288E-02  -1.0185006353E-01  -1.6123329314E-02  -9.9693720561E-04   5.8016330069E-01
    5      2.2312920808E-02  -1.6256926649E-02  -8.6646790470E-02   9.9381532294E-03  -3.0650626757E-02
    6     -3.3581281617E-02  -3.8659338373E-03  -3.6577454140E-03  -1.3485607184E-01  -4.3298544166E-02
    7      4.3912299825E-03   6.3066426690E-03   4.7620629529E-03  -4.6636287306E-02  -1.0164728888E-01
    8      6.7119973963E-03   5.1558169960E-03  -3.5756129944E-03  -1.3169537791E-02  -1.1858411891E-02
    9     -2.5138340882E-02  -1.9239923204E-02   2.0416726230E-03   3.4735168166E-03  -2.1275418414E-02
   10     -3.1539377408E-02  -9.9433761926E-03   1.0555061786E-03  -1.1328596194E-02  -3.5644314482E-02
   11      5.2201608990E-03   3.3867956121E-03   6.9340013447E-03   1.9799780120E-03  -5.6966599714E-03
   12     -9.7739112947E-02  -5.0115641971E-02   3.6796971745E-05   3.1286382340E-03   1.9693728943E-02
   13     -3.7455672641E-02  -1.8995391518E-01   1.5606826517E-03   1.1362102043E-02  -3.5761767621E-02
   14      2.0541478362E-03   2.9333323804E-03  -6.9439149088E-02  -2.2708046474E-03  -7.8095019463E-03
   15     -7.1816812818E-02  -1.4251667730E-02   7.2727536964E-02  -5.3536080914E-03  -4.6083278427E-03
   16     -1.6469923066E-02  -5.5930190342E-02   5.1190332011E-02   5.7498717726E-03   1.9677642817E-03
   17      7.1562238106E-02   4.6646434308E-02  -2.6419284867E-01   4.5902979630E-04   5.8998843472E-04
   18     -2.0132366654E-01  -2.3266322582E-02  -1.2855645477E-01  -1.5915942491E-02  -4.0854725452E-03
   19     -2.3724474350E-02  -5.1334110482E-02  -2.0240882489E-02   1.5543502791E-02   2.9761595216E-03
   20     -1.3201096869E-01  -2.1089569360E-02  -1.5323976444E-01   9.1843620618E-03   1.7272630896E-03
   21      2.7008415223E-04   2.1826476149E-02  -1.2867019638E-02  -4.6897825303E-02   5.9313454316E-03
   22     -1.5293089231E-03  -1.1694664138E-02   8.1445813221E-03   5.7198784986E-03  -2.4555713591E-01
   23      8.6000974732E-04  -9.8167189402E-03   3.6899048692E-03  -3.5685708051E-03   1.2008380775E-01
   24     -2.5023140334E-03   6.7957419913E-03   2.7348651654E-02  -4.3667866614E-02  -2.6382332305E-03
   25     -4.0407419050E-04  -3.3946183925E-03  -1.7692632764E-02  -2.4756842234E-03  -6.0784592205E-02
   26      2.8224740291E-04  -4.5634398156E-04  -7.4439113719E-03  -1.3494169554E-02  -5.2081420652E-02
   27     -2.7324517722E-03  -2.1485479721E-03   1.8383832185E-04  -1.5415514463E-02   4.3483247010E-03
   28     -1.6391587736E-03  -2.9580826780E-03  -1.3775828731E-03  -1.4258448101E-02   2.9206238626E-03
   29     -2.1583714935E-03  -7.1169763371E-04   4.5390517598E-04  -7.0981899121E-03   1.2947600401E-03
   30     -9.1360383419E-04   1.6118856419E-04  -1.4060723939E-03  -7.5755143266E-03   4.6850665972E-03
   31     -2.6130916089E-04  -2.9992401287E-04   5.2771817319E-04  -7.7049290323E-03   1.9805713387E-03
   32     -8.7560997814E-04  -4.1287147568E-04  -1.6360161410E-04  -2.8154461740E-04   1.6331935848E-04
   33     -4.5066239148E-03   9.9735832019E-04   1.9099472103E-04  -1.7208724389E-03   3.4159759986E-03
   34      1.4448020477E-03  -3.2312930605E-04  -7.3962403130E-04   1.6849079008E-03  -3.5867697108E-03
   35      1.2384277523E-03  -4.4338631274E-04   1.0749778667E-02   1.2098421420E-04  -3.6498860153E-04
   36      1.0479380956E-02  -1.0325869607E-02  -1.9092032764E-03  -1.6912758869E-03  -3.3784199761E-03
   37      1.6816747161E-02  -9.9600318994E-03  -2.6194369403E-03  -1.5546514307E-03  -3.5990715575E-03
   38     -1.3757106753E-03   7.0596821845E-04   1.8546235483E-03   2.2566936227E-04   4.5104906067E-05
   39     -7.6376149727E-04  -5.5121654494E-04   1.3127200450E-03  -3.4547827119E-04   4.8891963956E-05
   40     -8.4799328312E-04  -9.7078857732E-04   1.7455786777E-03   2.6457821826E-08  -1.0181289462E-03
   41     -8.0217497429E-04  -4.7966469477E-04  -2.1299163417E-04  -1.8633138439E-05   9.6649151163E-04
   42     -5.3033283475E-04  -2.5476438479E-04   2.7297221457E-04  -1.3466042214E-04  -1.9749060072E-04
   43      2.9162331255E-04  -3.1085930648E-05  -2.9978747460E-04  -1.2242608346E-05  -5.5928685374E-04
   44      7.6025556775E-04   7.3021770369E-04  -7.4122131692E-04  -2.7727454765E-05  -3.3162214258E-04
                    5                  6                  7                  8                  9        
    0      2.2312920808E-02  -3.3581281617E-02   4.3912299825E-03   6.7119973963E-03  -2.5138340882E-02
    1     -1.6256926649E-02  -3.8659338373E-03   6.3066426690E-03   5.1558169960E-03  -1.9239923204E-02
    2     -8.6646790470E-02  -3.6577454140E-03   4.7620629529E-03  -3.5756129944E-03   2.0416726230E-03
    3      9.9381532294E-03  -1.3485607184E-01  -4.6636287306E-02  -1.3169537791E-02   3.4735168166E-03
    4     -3.0650626757E-02  -4.3298544166E-02  -1.0164728888E-01  -1.1858411891E-02  -2.1275418414E-02
    5      5.9350038723E-01  -1.7506456047E-02  -1.1543230149E-02  -8.2986324413E-02   1.1221390352E-03
    6     -1.7506456047E-02   5.5640216650E-01  -4.9969009763E-02  -2.5651152587E-02  -9.7518563764E-02
    7     -1.1543230149E-02  -4.9969009763E-02   4.3250810690E-01  -4.7859376509E-03   5.0034253835E-02
    8     -8.2986324413E-02  -2.5651152587E-02  -4.7859376509E-03   5.6723149252E-01   2.6476806446E-03
    9      1.1221390352E-03  -9.7518563764E-02   5.0034253835E-02   2.6476806446E-03   7.9436105244E-01
   10      2.0005250397E-03   3.7313647147E-02  -1.9011808226E-01  -2.1963997915E-03   1.0237442671E-01
   11      3.2756211857E-05   7.8690198281E-04  -2.1950092897E-03  -6.9428391166E-02  -1.3775123007E-02
   12     -1.4655141680E-03  -2.5377242225E-02   1.9474554789E-02   1.3658188264E-03  -4.9169578425E-01
   13      8.8789821881E-04   3.1505598727E-02  -1.0026740993E-02  -2.1279219327E-03  -2.4869785709E-03
   14      3.6273191777E-04  -1.9164416220E-03   1.3932121583E-03   7.2259979372E-03   3.0033449756E-02
   15      2.1822189008E-02  -6.6033783541E-04  -1.9983058654E-04   1.4510138737E-03  -1.3179897989E-04
   16     -1.9788195568E-02   3.1050476835E-04  -3.1594842469E-04   5.0170463048E-04  -2.6077858845E-04
   17     -6.1042723778E-03   9.3357996984E-04  -3.8550903323E-04  -4.0015264086E-04  -1.4222692761E-03
   18     -1.2484348499E-02  -2.4915500739E-03   2.0413377947E-03   1.1028935616E-04  -7.4777666772E-04
   19      1.1440259238E-02   1.4994577984E-03  -2.9803151802E-03  -1.5121918263E-03  -2.0600013621E-03
   20      5.0177724911E-03   2.4352167063E-03  -9.1527725905E-04   2.2785948051E-04   3.9247250793E-04
   21     -3.6026994929E-03   1.4735443118E-03  -2.2736611598E-02   1.3122234180E-02  -4.4360483328E-03
   22      1.1670655596E-01   2.2776222660E-03  -1.1620775648E-02   7.9748021503E-03  -2.2560632567E-03
   23     -1.1914333824E-01  -6.3939258048E-04  -7.5704760794E-03   2.4215082964E-03  -1.1787730741E-03
   24     -1.3484691648E-02  -5.3652858158E-03  -6.8225160946E-03  -2.7567129507E-02  -1.2952332245E-03
   25     -4.8730317405E-02  -1.3782895471E-03  -3.4060472331E-03  -1.7623003196E-02  -1.6163262066E-03
   26     -3.0881816707E-01  -4.6663246077E-04   1.9909550296E-04  -4.6268328015E-03  -1.7760566832E-04
   27      1.4571420517E-02  -1.7451162664E-01   2.1270746197E-02   1.3069179098E-01  -7.6091402846E-03
   28      1.2983653251E-02   2.1780539783E-02  -5.1418151297E-02  -2.2791393027E-02   2.3035957346E-02
   29      4.4904598187E-03   1.3413356487E-01  -2.3576918487E-02  -1.7994313244E-01  -2.3564223261E-03
   30     -2.1647146849E-02  -8.8192489398E-02   1.8981635847E-02  -9.0531334217E-02  -6.7738779478E-03
   31     -1.9076889891E-02   2.1613228959E-02  -5.5964245331E-02   4.9402526168E-02   1.5163733631E-02
   32     -3.8740816313E-03  -8.9374976713E-02   4.5107193247E-02  -2.4768970626E-01  -1.2133323004E-04
   33     -1.2624649436E-04   1.0693691526E-02   1.0307957562E-02   9.5772870117E-04  -1.5059649090E-01
   34      9.8370135046E-04  -1.7011339746E-02  -9.9349009740E-03  -9.0841728792E-04  -1.3608663875E-01
   35      1.8057632781E-03   4.7884152717E-04  -2.6407064405E-04   1.6682978501E-03  -2.6170113113E-03
   36      4.5227231508E-04  -4.5013651048E-03  -1.0461226444E-03   1.3600057483E-03  -9.0829231924E-03
   37      1.1465522746E-03  -1.5129098050E-03  -3.2196092938E-04  -6.0012579262E-04  -5.4388962971E-03
   38      1.7318148314E-03   2.8113312248E-04  -3.5310927587E-04   1.0697710589E-02   2.2728759040E-04
   39      5.5364376635E-05  -8.4350064622E-04   4.0518804551E-04  -1.2581371991E-03  -2.7723261072E-03
   40      3.2613823129E-04   9.9562201726E-04  -8.9674067712E-04   1.6351607672E-03  -1.8992141065E-03
   41      9.2663212419E-04   8.3386955354E-04  -4.8556846276E-04  -1.0066164536E-04  -1.6203810850E-02
   42      5.9096047274E-05  -6.7008738032E-04   5.5630873587E-04  -2.3575105156E-04  -3.6264723579E-05
   43     -3.8327096029E-04  -3.1302939822E-04  -1.6355174400E-04  -2.7697870626E-04   2.0300071017E-03
   44     -2.9534370511E-04  -6.7582766238E-04   6.2431285999E-04  -7.2205231652E-04   1.3903047564E-03
                   10                 11                 12                 13                 14        
    0     -3.1539377408E-02   5.2201608990E-03  -9.7739112947E-02  -3.7455672641E-02   2.0541478362E-03
    1     -9.9433761926E-03   3.3867956121E-03  -5.0115641971E-02  -1.8995391518E-01   2.9333323804E-03
    2      1.0555061786E-03   6.9340013447E-03   3.6796971745E-05   1.5606826517E-03  -6.9439149088E-02
    3     -1.1328596194E-02   1.9799780120E-03   3.1286382340E-03   1.1362102043E-02  -2.2708046474E-03
    4     -3.5644314482E-02  -5.6966599714E-03   1.9693728943E-02  -3.5761767621E-02  -7.8095019463E-03
    5      2.0005250397E-03   3.2756211857E-05  -1.4655141680E-03   8.8789821881E-04   3.6273191777E-04
    6      3.7313647147E-02   7.8690198281E-04  -2.5377242225E-02   3.1505598727E-02  -1.9164416220E-03
    7     -1.9011808226E-01  -2.1950092897E-03   1.9474554789E-02  -1.0026740993E-02   1.3932121583E-03
    8     -2.1963997915E-03  -6.9428391166E-02   1.3658188264E-03  -2.1279219327E-03   7.2259979372E-03
    9      1.0237442671E-01  -1.3775123007E-02  -4.9169578425E-01  -2.4869785709E-03   3.0033449756E-02
   10      6.0559101025E-01   4.7733671132E-03   2.5537379201E-03  -1.0287214750E-01  -4.4975370717E-03
   11      4.7733671132E-03   1.4686972485E-01   1.3486837773E-02  -4.2285528032E-03  -5.7461244307E-02
   12      2.5537379201E-03   1.3486837773E-02   7.8959379118E-01  -1.0171361685E-01  -5.0917595295E-02
   13     -1.0287214750E-01  -4.2285528032E-03  -1.0171361685E-01   6.0594077183E-01   1.5160737934E-02
   14     -4.4975370717E-03  -5.7461244307E-02  -5.0917595295E-02   1.5160737934E-02   1.5135791835E-01
   15     -1.4590963043E-03   3.8287226697E-04  -5.8138702311E-03  -4.9912586201E-03   1.0258214627E-02
   16     -3.4219910254E-03   3.6356500867E-04  -1.2230226292E-02  -7.0929487736E-03   2.9671233181E-02
   17      4.4943409718E-04   1.0912426126E-03   1.0293528431E-03   1.6741233629E-03   1.4847577335E-03
   18     -7.5222898284E-04  -5.1591385993E-04  -7.9426941722E-03  -1.9936360429E-03  -4.5631408848E-03
   19     -5.2799608656E-03   6.4894758281E-04  -2.5195580195E-02  -1.6401311877E-03  -2.0480318414E-02
   20     -3.0721779574E-04   5.2843230008E-04   3.2392096957E-03   9.2946888498E-04   1.7596098564E-03
   21     -2.2270438408E-03  -3.6746837374E-04  -4.2072037407E-03   2.0136590896E-03   8.2452007894E-04
   22     -2.0196245104E-03  -1.6837020643E-04   2.2305356108E-03  -1.9853450625E-03  -4.1157236929E-04
   23     -1.8209338238E-03   2.4933804479E-04   1.6250657789E-03  -2.0589243572E-03   3.9186254874E-05
   24      5.2321183536E-04  -5.1845553290E-04  -1.2090131459E-03  -5.3977497743E-04   6.4179389128E-04
   25      3.4013538525E-04   2.9177594607E-04   1.6548808339E-03   3.3248206224E-04   1.1459432113E-04
   26     -7.9271390651E-05   2.5415406662E-04   3.4351704953E-04  -4.6636079389E-05   1.7244218598E-04
   27      2.0572455713E-03   5.4667463775E-03  -8.3431795916E-04   7.0332293207E-04   6.7327000317E-04
   28     -1.6822519083E-03  -2.2978263060E-02   2.1018709120E-03  -5.2758336758E-03   4.1190690562E-04
   29      7.4868371330E-04   1.5204913439E-03  -1.3990094128E-04  -3.6867540245E-04   4.8556581094E-04
   30      5.1098722325E-03  -9.4436814035E-03  -7.8369528214E-05   1.4694094888E-03  -2.6303902523E-04
   31     -7.1500260294E-03   2.8290122511E-02   3.1235921087E-04  -3.4236609604E-03   3.3902338668E-04
   32      1.1472500596E-03   2.5237243363E-03   1.4214463465E-03   2.9007285337E-04   9.9882906577E-04
   33     -1.3110109919E-01  -2.6216878226E-03  -9.2629310395E-03  -2.8017883477E-02  -3.7655601638E-04
   34     -2.5060173530E-01  -2.3877673146E-03   5.4393287709E-03   5.1399847801E-03  -3.0981143521E-04
   35     -3.3012122133E-03  -3.7203056029E-02   1.1833642867E-03   2.4711345590E-03   4.4572536201E-03
   36      2.8092112371E-02   1.7609778119E-03  -1.4866460027E-01   1.2998350623E-01   1.3972124407E-02
   37      5.1171300373E-03   2.5424902927E-04   1.3508987947E-01  -2.5105939425E-01  -1.6223933255E-02
   38     -3.9189607037E-04   4.4521080806E-03   1.3940920763E-02  -1.6552170421E-02  -3.8787013011E-02
   39     -1.0174052684E-03  -1.7603854529E-03  -6.6091966386E-04   1.1135299183E-03   1.8886037515E-03
   40     -2.3262713002E-03   7.9030924643E-04   1.9930057036E-03  -2.3373268102E-03   5.9859501684E-04
   41      2.3578956528E-04   6.1400329642E-04   1.6311101341E-02   1.6555781392E-04  -1.2185277061E-03
   42      1.3824535335E-03  -8.4417841001E-05   7.6362975965E-04  -9.4352372032E-04  -3.7810331165E-05
   43      1.1505703502E-05  -1.1179948097E-03  -1.2976003846E-03   1.5973344944E-05  -8.7977871766E-04
   44      2.1573977957E-03  -9.7728498758E-04  -1.4611577999E-03   2.2330226434E-03  -1.4383586205E-03
                   15                 16                 17                 18                 19        
    0     -7.1816812818E-02  -1.6469923066E-02   7.1562238106E-02  -2.0132366654E-01  -2.3724474350E-02
    1     -1.4251667730E-02  -5.5930190342E-02   4.6646434308E-02  -2.3266322582E-02  -5.1334110482E-02
    2      7.2727536964E-02   5.1190332011E-02  -2.6419284867E-01  -1.2855645477E-01  -2.0240882489E-02
    3     -5.3536080914E-03   5.7498717726E-03   4.5902979630E-04  -1.5915942491E-02   1.5543502791E-02
    4     -4.6083278427E-03   1.9677642817E-03   5.8998843472E-04  -4.0854725452E-03   2.9761595216E-03
    5      2.1822189008E-02  -1.9788195568E-02  -6.1042723778E-03  -1.2484348499E-02   1.1440259238E-02
    6     -6.6033783541E-04   3.1050476835E-04   9.3357996984E-04  -2.4915500739E-03   1.4994577984E-03
    7     -1.9983058654E-04  -3.1594842469E-04  -3.8550903323E-04   2.0413377947E-03  -2.9803151802E-03
    8      1.4510138737E-03   5.0170463048E-04  -4.0015264086E-04   1.1028935616E-04  -1.5121918263E-03
    9     -1.3179897989E-04  -2.6077858845E-04  -1.4222692761E-03  -7.4777666772E-04  -2.0600013621E-03
   10     -1.4590963043E-03  -3.4219910254E-03   4.4943409718E-04  -7.5222898284E-04  -5.2799608656E-03
   11      3.8287226697E-04   3.6356500867E-04   1.0912426126E-03  -5.1591385993E-04   6.4894758281E-04
   12     -5.8138702311E-03  -1.2230226292E-02   1.0293528431E-03  -7.9426941722E-03  -2.5195580195E-02
   13     -4.9912586201E-03  -7.0929487736E-03   1.6741233629E-03  -1.9936360429E-03  -1.6401311877E-03
   14      1.0258214627E-02   2.9671233181E-02   1.4847577335E-03  -4.5631408848E-03  -2.0480318414E-02
   15      7.7701650381E-02   1.8418412839E-02  -8.1577742123E-02   8.1915485821E-03   5.9345731496E-03
   16      1.8418412839E-02   6.3370290663E-02  -5.3613814706E-02   1.5865150228E-03   1.1405579138E-03
   17     -8.1577742123E-02  -5.3613814706E-02   2.8712328432E-01   6.5889751701E-03   4.7883083961E-03
   18      8.1915485821E-03   1.5865150228E-03   6.5889751701E-03   2.2107693303E-01   2.7329501378E-02
   19      5.9345731496E-03   1.1405579138E-03   4.7883083961E-03   2.7329501378E-02   5.4787403166E-02
   20     -2.3302295504E-02  -3.9552985771E-03  -2.0255300966E-02   1.3908772696E-01   2.3443661137E-02
   21      1.6545300581E-03  -9.2665195582E-04  -1.4366745859E-04  -1.1131635105E-03   8.1070846958E-04
   22     -4.7000650879E-04   1.1593910340E-03  -3.8631321300E-04   5.5021104239E-04  -8.0611042900E-04
   23     -4.5373019628E-04   1.1332955798E-05   1.2297554831E-03   2.0077090899E-04   2.5749255846E-05
   24     -3.0377946345E-03   3.9967207878E-03   1.6212430240E-03   1.2274832187E-03  -8.5643384078E-04
   25      1.8618905619E-03  -1.6148319027E-03  -9.3699739614E-04  -4.5569377201E-04   1.3108984038E-03
   26      1.0097136939E-03  -1.3010265568E-03   9.1524476836E-04   6.6997988808E-06   4.0252210536E-04
   27     -7.2278562183E-04   2.7387978747E-04   8.9318502966E-05  -6.3065451953E-04   4.4714525364E-04
   28     -1.2339416982E-04   5.1882355912E-04   4.0830965033E-05  -4.4655049085E-04   4.4185798239E-04
   29     -4.8201538486E-04   2.4290025590E-04  -8.3860412148E-06  -1.8814457347E-04   9.7524382609E-05
   30     -8.6376327132E-06  -7.0976618779E-07   2.9185694616E-04  -6.8121008125E-04   1.2598453645E-04
   31      1.8180320272E-05   5.5074612538E-05   1.5716552942E-04  -2.5020921067E-04   5.1646851181E-04
   32     -3.1120243738E-04   1.6839949859E-04  -3.1032631382E-04  -1.0359899149E-05   2.8796301280E-05
   33     -3.3811330566E-04  -6.4600953666E-04  -3.5744465449E-05  -3.5694427952E-04  -1.0202050790E-03
   34     -8.2667519603E-05   2.3291863259E-04   6.2454699351E-05  -1.6551589520E-04   1.7812219071E-04
   35     -1.1156665858E-03  -2.3130149871E-03  -1.4021373387E-04   6.4244369588E-04   1.9924545260E-03
   36      2.5358891265E-05   5.8036194204E-04   4.1025080234E-04   1.8896805005E-04   9.5885008292E-04
   37     -1.4868789968E-04  -9.7493651804E-06   6.5869481993E-04  -3.8046584405E-04   5.7013469352E-04
   38      1.6629950477E-05  -7.6957735209E-04  -1.8232766401E-04   2.6905608888E-04   3.7017705609E-04
   39      3.2092864838E-04  -2.0311135362E-04   5.3674224386E-05   5.4039267293E-04   4.2880414882E-04
   40      9.5315777969E-05  -3.2814355727E-04   2.3192194039E-04   2.8750716646E-04  -4.8038771046E-05
   41     -3.0096965269E-04  -4.5325068753E-04  -2.2936134710E-04  -5.6172447800E-04  -1.1241327431E-03
   42     -1.0257410178E-05  -1.8639887770E-04   1.3073567522E-04  -2.1723218070E-05  -2.5008327370E-04
   43      1.4107048921E-05   2.6898269373E-04   2.1607185120E-05   2.9273454049E-05   1.6706453200E-04
   44     -1.1538023727E-04   4.6381503840E-05  -2.1095162779E-05  -4.7095271868E-05   1.1671146198E-04
                   20                 21                 22                 23                 24        
    0     -1.3201096869E-01   2.7008415223E-04  -1.5293089231E-03   8.6000974732E-04  -2.5023140334E-03
    1     -2.1089569360E-02   2.1826476149E-02  -1.1694664138E-02  -9.8167189402E-03   6.7957419913E-03
    2     -1.5323976444E-01  -1.2867019638E-02   8.1445813221E-03   3.6899048692E-03   2.7348651654E-02
    3      9.1843620618E-03  -4.6897825303E-02   5.7198784986E-03  -3.5685708051E-03  -4.3667866614E-02
    4      1.7272630896E-03   5.9313454316E-03  -2.4555713591E-01   1.2008380775E-01  -2.6382332305E-03
    5      5.0177724911E-03  -3.6026994929E-03   1.1670655596E-01  -1.1914333824E-01  -1.3484691648E-02
    6      2.4352167063E-03   1.4735443118E-03   2.2776222660E-03  -6.3939258048E-04  -5.3652858158E-03
    7     -9.1527725905E-04  -2.2736611598E-02  -1.1620775648E-02  -7.5704760794E-03  -6.8225160946E-03
    8      2.2785948051E-04   1.3122234180E-02   7.9748021503E-03   2.4215082964E-03  -2.7567129507E-02
    9      3.9247250793E-04  -4.4360483328E-03  -2.2560632567E-03  -1.1787730741E-03  -1.2952332245E-03
   10     -3.0721779574E-04  -2.2270438408E-03  -2.0196245104E-03  -1.8209338238E-03   5.2321183536E-04
   11      5.2843230008E-04  -3.6746837374E-04  -1.6837020643E-04   2.4933804479E-04  -5.1845553290E-04
   12      3.2392096957E-03  -4.2072037407E-03   2.2305356108E-03   1.6250657789E-03  -1.2090131459E-03
   13      9.2946888498E-04   2.0136590896E-03  -1.9853450625E-03  -2.0589243572E-03  -5.3977497743E-04
   14      1.7596098564E-03   8.2452007894E-04  -4.1157236929E-04   3.9186254874E-05   6.4179389128E-04
   15     -2.3302295504E-02   1.6545300581E-03  -4.7000650879E-04  -4.5373019628E-04  -3.0377946345E-03
   16     -3.9552985771E-03  -9.2665195582E-04   1.1593910340E-03   1.1332955798E-05   3.9967207878E-03
   17     -2.0255300966E-02  -1.4366745859E-04  -3.8631321300E-04   1.2297554831E-03   1.6212430240E-03
   18      1.3908772696E-01  -1.1131635105E-03   5.5021104239E-04   2.0077090899E-04   1.2274832187E-03
   19      2.3443661137E-02   8.1070846958E-04  -8.0611042900E-04   2.5749255846E-05  -8.5643384078E-04
   20      1.6467353911E-01  -7.8828437476E-05  -2.6496180177E-04   8.2927491397E-05   3.7942534212E-04
   21     -7.8828437476E-05   5.1353697084E-02  -6.2476025056E-03   3.6405350583E-03  -3.2993576009E-04
   22     -2.6496180177E-04  -6.2476025056E-03   2.6657158609E-01  -1.2704913294E-01  -1.5774634326E-04
   23      8.2927491397E-05   3.6405350583E-03  -1.2704913294E-01   1.2531741921E-01  -7.1172202162E-04
   24      3.7942534212E-04  -3.2993576009E-04  -1.5774634326E-04  -7.1172202162E-04   5.8018455435E-02
   25      1.9718127760E-04   1.4494518649E-03   6.7896394315E-03   2.8585097378E-02   2.8344859192E-03
   26      1.4391416164E-03  -7.3319153924E-04  -3.2363752793E-03  -1.4775472308E-02   1.3921800484E-02
   27      2.4560730928E-04  -1.1307834750E-03  -6.0207383669E-04  -7.6784385363E-05   1.1887577149E-03
   28      1.5548111834E-04  -8.0093246102E-04  -7.7953484031E-04   8.7162274295E-05   8.7024335383E-04
   29      3.3186890961E-05   2.0559384098E-04  -1.8196138807E-04   7.4271796735E-05  -3.4604735661E-04
   30      5.4319937448E-04   1.7252238152E-03   4.3236570807E-04   4.1672255486E-04  -3.2803382957E-03
   31      2.6670768548E-04   9.1564199174E-04   1.1500992388E-03  -5.3744997328E-05  -4.0944677821E-03
   32     -5.8795012209E-05   1.0585998855E-04  -4.5641736058E-04   1.1888601875E-03  -1.1973899905E-03
   33      2.3715360846E-04   7.7896094676E-04   3.6438173157E-04   1.8060968927E-04   1.7882406211E-04
   34      1.4298006430E-04  -1.1206403577E-03  -7.2916169313E-04  -4.6576062685E-04  -2.5559561486E-04
   35     -1.5415544171E-04  -2.5994253121E-04  -1.7244041762E-04   4.6506853741E-05   3.3816782060E-04
   36     -3.1845895900E-04   7.8339054169E-04  -4.1559947337E-04  -2.4161842094E-04   1.4755388106E-04
   37     -3.9444327679E-04   1.0669657047E-03  -7.1916903995E-04  -5.8035448206E-04   2.4022167338E-04
   38      6.6451472363E-05   1.9047773732E-04  -1.7835492021E-04   6.8880749296E-05  -3.6115184914E-04
   39      3.6938578672E-05   1.2752933223E-04   1.8216493408E-06  -3.3553729816E-05   1.0837181345E-04
   40      9.0954162565E-05   3.9370427785E-05   6.8838628312E-05   4.6423620265E-04   3.0949055290E-05
   41      8.9874644841E-05  -8.0282259330E-06  -2.7745053695E-04  -4.5541349766E-04  -8.4747984760E-05
   42     -4.9540300993E-05  -5.2000120070E-05   8.9252857313E-05  -3.5841070686E-05  -1.8166460177E-04
   43     -2.4515320441E-05   1.8195073463E-05   1.7196685111E-04   1.5138614886E-04   3.7478738168E-05
   44     -2.1077949013E-04  -1.2102640255E-05  -3.5314711400E-05  -3.4335189244E-05   7.7392721120E-06
                   25                 26                 27                 28                 29        
    0     -4.0407419050E-04   2.8224740291E-04  -2.7324517722E-03  -1.6391587736E-03  -2.1583714935E-03
    1     -3.3946183925E-03  -4.5634398156E-04  -2.1485479721E-03  -2.9580826780E-03  -7.1169763371E-04
    2     -1.7692632764E-02  -7.4439113719E-03   1.8383832185E-04  -1.3775828731E-03   4.5390517598E-04
    3     -2.4756842234E-03  -1.3494169554E-02  -1.5415514463E-02  -1.4258448101E-02  -7.0981899121E-03
    4     -6.0784592205E-02  -5.2081420652E-02   4.3483247010E-03   2.9206238626E-03   1.2947600401E-03
    5     -4.8730317405E-02  -3.0881816707E-01   1.4571420517E-02   1.2983653251E-02   4.4904598187E-03
    6     -1.3782895471E-03  -4.6663246077E-04  -1.7451162664E-01   2.1780539783E-02   1.3413356487E-01
    7     -3.4060472331E-03   1.9909550296E-04   2.1270746197E-02  -5.1418151297E-02  -2.3576918487E-02
    8     -1.7623003196E-02  -4.6268328015E-03   1.3069179098E-01  -2.2791393027E-02  -1.7994313244E-01
    9     -1.6163262066E-03  -1.7760566832E-04  -7.6091402846E-03   2.3035957346E-02  -2.3564223261E-03
   10      3.4013538525E-04  -7.9271390651E-05   2.0572455713E-03  -1.6822519083E-03   7.4868371330E-04
   11      2.9177594607E-04   2.5415406662E-04   5.4667463775E-03  -2.2978263060E-02   1.5204913439E-03
   12      1.6548808339E-03   3.4351704953E-04  -8.3431795916E-04   2.1018709120E-03  -1.3990094128E-04
   13      3.3248206224E-04  -4.6636079389E-05   7.0332293207E-04  -5.2758336758E-03  -3.6867540245E-04
   14      1.1459432113E-04   1.7244218598E-04   6.7327000317E-04   4.1190690562E-04   4.8556581094E-04
   15      1.8618905619E-03   1.0097136939E-03  -7.2278562183E-04  -1.2339416982E-04  -4.8201538486E-04
   16     -1.6148319027E-03  -1.3010265568E-03   2.7387978747E-04   5.1882355912E-04   2.4290025590E-04
   17     -9.3699739614E-04   9.1524476836E-04   8.9318502966E-05   4.0830965033E-05  -8.3860412148E-06
   18     -4.5569377201E-04   6.6997988808E-06  -6.3065451953E-04  -4.4655049085E-04  -1.8814457347E-04
   19      1.3108984038E-03   4.0252210536E-04   4.4714525364E-04   4.4185798239E-04   9.7524382609E-05
   20      1.9718127760E-04   1.4391416164E-03   2.4560730928E-04   1.5548111834E-04   3.3186890961E-05
   21      1.4494518649E-03  -7.3319153924E-04  -1.1307834750E-03  -8.0093246102E-04   2.0559384098E-04
   22      6.7896394315E-03  -3.2363752793E-03  -6.0207383669E-04  -7.7953484031E-04  -1.8196138807E-04
   23      2.8585097378E-02  -1.4775472308E-02  -7.6784385363E-05   8.7162274295E-05   7.4271796735E-05
   24      2.8344859192E-03   1.3921800484E-02   1.1887577149E-03   8.7024335383E-04  -3.4604735661E-04
   25      6.1239774074E-02   5.6163569127E-02   4.9251698754E-04   1.2755958011E-03   1.3013214266E-04
   26      5.6163569127E-02   3.3138903016E-01   4.1481976632E-05   2.6908804267E-04   1.4861785059E-03
   27      4.9251698754E-04   4.1481976632E-05   1.9238457356E-01  -2.5093714654E-02  -1.4187319819E-01
   28      1.2755958011E-03   2.6908804267E-04  -2.5093714654E-02   5.4947070027E-02   2.6374844496E-02
   29      1.3013214266E-04   1.4861785059E-03  -1.4187319819E-01   2.6374844496E-02   1.9325571159E-01
   30     -1.9404786606E-03  -6.0168904079E-04   9.5466726430E-03  -5.4383745616E-03   2.0300511099E-02
   31     -1.6126904098E-03  -9.0418418485E-04  -2.0071313349E-03   1.1892058311E-03  -3.7735660785E-03
   32     -7.4730693585E-04   1.1397869903E-03  -9.6229478522E-03   5.3672190772E-03  -2.1640258405E-02
   33      8.7005783626E-05  -5.7292371305E-06   2.0497263697E-04  -9.3645898468E-04   2.7323757702E-04
   34     -2.9225896346E-04  -1.0824445857E-04   3.5867524067E-04   5.7173382740E-04  -4.6149008507E-04
   35      2.1242121054E-04  -1.5858607356E-04  -2.9612221008E-04   4.8618260013E-04   6.9336143374E-05
   36     -4.3100963804E-05  -9.5569883159E-06  -4.7675291036E-04   1.2264462767E-03  -1.9628039444E-04
   37     -2.9533219326E-04  -1.3719805745E-04   2.0497107703E-04   1.6129010308E-04   1.1145090989E-04
   38      2.4949653667E-04  -7.4750238668E-05  -6.2745676593E-04   1.8870664321E-03  -6.9458222870E-05
   39     -1.2606683556E-05  -6.2064582896E-05   6.3117280600E-04  -5.5435566641E-04  -7.0622599969E-05
   40     -3.0534021445E-04   9.5630564822E-04  -2.9874850943E-04  -1.7069662167E-05   1.4928900207E-04
   41     -1.4801871118E-04  -1.2589534471E-03   4.8767737868E-04  -9.8088150610E-04   8.4381637915E-05
   42     -1.8263174331E-05  -4.2306931324E-05   1.0787828978E-04   2.4935070393E-04  -1.7215840835E-05
   43      4.1718635632E-04   3.6529653557E-04   2.0368047848E-05   1.0472306777E-04  -5.9853844044E-05
   44     -7.1167853157E-05   3.6069501841E-04   5.8859665341E-05   4.9263280727E-05  -2.9225360225E-04
                   30                 31                 32                 33                 34        
    0     -9.1360383419E-04  -2.6130916089E-04  -8.7560997814E-04  -4.5066239148E-03   1.4448020477E-03
    1      1.6118856419E-04  -2.9992401287E-04  -4.1287147568E-04   9.9735832019E-04  -3.2312930605E-04
    2     -1.4060723939E-03   5.2771817319E-04  -1.6360161410E-04   1.9099472103E-04  -7.3962403130E-04
    3     -7.5755143266E-03  -7.7049290323E-03  -2.8154461740E-04  -1.7208724389E-03   1.6849079008E-03
    4      4.6850665972E-03   1.9805713387E-03   1.6331935848E-04   3.4159759986E-03  -3.5867697108E-03
    5     -2.1647146849E-02  -1.9076889891E-02  -3.8740816313E-03  -1.2624649436E-04   9.8370135046E-04
    6     -8.8192489398E-02   2.1613228959E-02  -8.9374976713E-02   1.0693691526E-02  -1.7011339746E-02
    7      1.8981635847E-02  -5.5964245331E-02   4.5107193247E-02   1.0307957562E-02  -9.9349009740E-03
    8     -9.0531334217E-02   4.9402526168E-02  -2.4768970626E-01   9.5772870117E-04  -9.0841728792E-04
    9     -6.7738779478E-03   1.5163733631E-02  -1.2133323004E-04  -1.5059649090E-01  -1.3608663875E-01
   10      5.1098722325E-03  -7.1500260294E-03   1.1472500596E-03  -1.3110109919E-01  -2.5060173530E-01
   11     -9.4436814035E-03   2.8290122511E-02   2.5237243363E-03  -2.6216878226E-03  -2.3877673146E-03
   12     -7.8369528214E-05   3.1235921087E-04   1.4214463465E-03  -9.2629310395E-03   5.4393287709E-03
   13      1.4694094888E-03  -3.4236609604E-03   2.9007285337E-04  -2.8017883477E-02   5.1399847801E-03
   14     -2.6303902523E-04   3.3902338668E-04   9.9882906577E-04  -3.7655601638E-04  -3.0981143521E-04
   15     -8.6376327132E-06   1.8180320272E-05  -3.1120243738E-04  -3.3811330566E-04  -8.2667519603E-05
   16     -7.0976618779E-07   5.5074612538E-05   1.6839949859E-04  -6.4600953666E-04   2.3291863259E-04
   17      2.9185694616E-04   1.5716552942E-04  -3.1032631382E-04  -3.5744465449E-05   6.2454699351E-05
   18     -6.8121008125E-04  -2.5020921067E-04  -1.0359899149E-05  -3.5694427952E-04  -1.6551589520E-04
   19      1.2598453645E-04   5.1646851181E-04   2.8796301280E-05  -1.0202050790E-03   1.7812219071E-04
   20      5.4319937448E-04   2.6670768548E-04  -5.8795012209E-05   2.3715360846E-04   1.4298006430E-04
   21      1.7252238152E-03   9.1564199174E-04   1.0585998855E-04   7.7896094676E-04  -1.1206403577E-03
   22      4.3236570807E-04   1.1500992388E-03  -4.5641736058E-04   3.6438173157E-04  -7.2916169313E-04
   23      4.1672255486E-04  -5.3744997328E-05   1.1888601875E-03   1.8060968927E-04  -4.6576062685E-04
   24     -3.2803382957E-03  -4.0944677821E-03  -1.1973899905E-03   1.7882406211E-04  -2.5559561486E-04
   25     -1.9404786606E-03  -1.6126904098E-03  -7.4730693585E-04   8.7005783626E-05  -2.9225896346E-04
   26     -6.0168904079E-04  -9.0418418485E-04   1.1397869903E-03  -5.7292371305E-06  -1.0824445857E-04
   27      9.5466726430E-03  -2.0071313349E-03  -9.6229478522E-03   2.0497263697E-04   3.5867524067E-04
   28     -5.4383745616E-03   1.1892058311E-03   5.3672190772E-03  -9.3645898468E-04   5.7173382740E-04
   29      2.0300511099E-02  -3.7735660785E-03  -2.1640258405E-02   2.7323757702E-04  -4.6149008507E-04
   30      9.6170768349E-02  -2.3793437660E-02   1.0086391361E-01  -4.8176178498E-05   2.0409480993E-04
   31     -2.3793437660E-02   6.3426969500E-02  -5.1648693029E-02  -6.6372501646E-04  -2.0452212685E-05
   32      1.0086391361E-01  -5.1648693029E-02   2.6857811384E-01  -4.2851163414E-04   6.6015790553E-04
   33     -4.8176178498E-05  -6.6372501646E-04  -4.2851163414E-04   1.5415494324E-01   1.4632890823E-01
   34      2.0409480993E-04  -2.0452212685E-05   6.6015790553E-04   1.4632890823E-01   2.5845196419E-01
   35     -2.8140933979E-05  -7.0107044215E-04  -1.5257597562E-04   1.6634399844E-03   2.8675254495E-03
   36     -2.2760660033E-04   4.0918100853E-04   1.8354607906E-05   1.0109857265E-03  -7.5115682065E-04
   37      9.9020100602E-05   2.3259252344E-04   7.3816188513E-05   7.7434037933E-04   3.7237833099E-04
   38      1.1252220994E-03  -2.3559370603E-03  -2.6932247515E-04  -1.6609942042E-04   2.2330755012E-04
   39      3.4862266325E-04   1.3287060800E-04  -7.2956777109E-05   2.0307505031E-04   6.5024464746E-04
   40     -7.8515086972E-05  -3.1334303209E-04   1.8533493955E-04   1.8079161343E-04   2.4314424166E-04
   41      2.7494201796E-04  -4.7300889987E-04  -2.8701164101E-04   6.8103676046E-04   6.8910801857E-04
   42     -1.1463647345E-05   2.0174212603E-04  -1.0682964792E-04  -3.9530113244E-04  -6.4529629353E-04
   43     -8.8508067775E-06   2.3336043208E-04   6.9842298703E-05  -6.3448989213E-05   2.9816196879E-04
   44      9.8824386867E-05   7.7182028663E-06   1.6364910367E-05  -4.2015636928E-04  -2.5736516444E-04
                   35                 36                 37                 38                 39        
    0      1.2384277523E-03   1.0479380956E-02   1.6816747161E-02  -1.3757106753E-03  -7.6376149727E-04
    1     -4.4338631274E-04  -1.0325869607E-02  -9.9600318994E-03   7.0596821845E-04  -5.5121654494E-04
    2      1.0749778667E-02  -1.9092032764E-03  -2.6194369403E-03   1.8546235483E-03   1.3127200450E-03
    3      1.2098421420E-04  -1.6912758869E-03  -1.5546514307E-03   2.2566936227E-04  -3.4547827119E-04
    4     -3.6498860153E-04  -3.3784199761E-03  -3.5990715575E-03   4.5104906067E-05   4.8891963956E-05
    5      1.8057632781E-03   4.5227231508E-04   1.1465522746E-03   1.7318148314E-03   5.5364376635E-05
    6      4.7884152717E-04  -4.5013651048E-03  -1.5129098050E-03   2.8113312248E-04  -8.4350064622E-04
    7     -2.6407064405E-04  -1.0461226444E-03  -3.2196092938E-04  -3.5310927587E-04   4.0518804551E-04
    8      1.6682978501E-03   1.3600057483E-03  -6.0012579262E-04   1.0697710589E-02  -1.2581371991E-03
    9     -2.6170113113E-03  -9.0829231924E-03  -5.4388962971E-03   2.2728759040E-04  -2.7723261072E-03
   10     -3.3012122133E-03   2.8092112371E-02   5.1171300373E-03  -3.9189607037E-04  -1.0174052684E-03
   11     -3.7203056029E-02   1.7609778119E-03   2.5424902927E-04   4.4521080806E-03  -1.7603854529E-03
   12      1.1833642867E-03  -1.4866460027E-01   1.3508987947E-01   1.3940920763E-02  -6.6091966386E-04
   13      2.4711345590E-03   1.2998350623E-01  -2.5105939425E-01  -1.6552170421E-02   1.1135299183E-03
   14      4.4572536201E-03   1.3972124407E-02  -1.6223933255E-02  -3.8787013011E-02   1.8886037515E-03
   15     -1.1156665858E-03   2.5358891265E-05  -1.4868789968E-04   1.6629950477E-05   3.2092864838E-04
   16     -2.3130149871E-03   5.8036194204E-04  -9.7493651804E-06  -7.6957735209E-04  -2.0311135362E-04
   17     -1.4021373387E-04   4.1025080234E-04   6.5869481993E-04  -1.8232766401E-04   5.3674224386E-05
   18      6.4244369588E-04   1.8896805005E-04  -3.8046584405E-04   2.6905608888E-04   5.4039267293E-04
   19      1.9924545260E-03   9.5885008292E-04   5.7013469352E-04   3.7017705609E-04   4.2880414882E-04
   20     -1.5415544171E-04  -3.1845895900E-04  -3.9444327679E-04   6.6451472363E-05   3.6938578672E-05
   21     -2.5994253121E-04   7.8339054169E-04   1.0669657047E-03   1.9047773732E-04   1.2752933223E-04
   22     -1.7244041762E-04  -4.1559947337E-04  -7.1916903995E-04  -1.7835492021E-04   1.8216493408E-06
   23      4.6506853741E-05  -2.4161842094E-04  -5.8035448206E-04   6.8880749296E-05  -3.3553729816E-05
   24      3.3816782060E-04   1.4755388106E-04   2.4022167338E-04  -3.6115184914E-04   1.0837181345E-04
   25      2.1242121054E-04  -4.3100963804E-05  -2.9533219326E-04   2.4949653667E-04  -1.2606683556E-05
   26     -1.5858607356E-04  -9.5569883159E-06  -1.3719805745E-04  -7.4750238668E-05  -6.2064582896E-05
   27     -2.9612221008E-04  -4.7675291036E-04   2.0497107703E-04  -6.2745676593E-04   6.3117280600E-04
   28      4.8618260013E-04   1.2264462767E-03   1.6129010308E-04   1.8870664321E-03  -5.5435566641E-04
   29      6.9336143374E-05  -1.9628039444E-04   1.1145090989E-04  -6.9458222870E-05  -7.0622599969E-05
   30     -2.8140933979E-05  -2.2760660033E-04   9.9020100602E-05   1.1252220994E-03   3.4862266325E-04
   31     -7.0107044215E-04   4.0918100853E-04   2.3259252344E-04  -2.3559370603E-03   1.3287060800E-04
   32     -1.5257597562E-04   1.8354607906E-05   7.3816188513E-05  -2.6932247515E-04  -7.2956777109E-05
   33      1.6634399844E-03   1.0109857265E-03   7.7434037933E-04  -1.6609942042E-04   2.0307505031E-04
   34      2.8675254495E-03  -7.5115682065E-04   3.7237833099E-04   2.2330755012E-04   6.5024464746E-04
   35      2.4659050196E-02  -4.9203031464E-04   1.5683937457E-04  -5.2102159463E-03  -2.6427976758E-04
   36     -4.9203031464E-04   1.5202657634E-01  -1.4512022117E-01  -1.4643573688E-02   1.7339564287E-04
   37      1.5683937457E-04  -1.4512022117E-01   2.5899778192E-01   1.7734386730E-02  -5.8308024230E-04
   38     -5.2102159463E-03  -1.4643573688E-02   1.7734386730E-02   2.6227446894E-02   2.3013821001E-04
   39     -2.6427976758E-04   1.7339564287E-04  -5.8308024230E-04   2.3013821001E-04   2.6513715212E-03
   40     -5.8801344334E-04  -3.0417511521E-04   3.0780912786E-04  -5.9083820717E-04   3.4959528140E-03
   41     -3.3964457557E-04  -7.3742826053E-04   7.0409345167E-04  -3.9748927598E-04   2.1797682020E-04
   42     -5.9594520865E-04  -1.9108606884E-04   4.6129958937E-04   6.6957851256E-04   2.8112603514E-04
   43     -2.9115291845E-05   1.1967538709E-04   2.0559250094E-04  -2.5691144300E-05  -3.3592333269E-03
   44     -9.7538832357E-05   5.7204357241E-04  -2.8252395299E-04  -1.0845933133E-04  -2.8626245813E-04
                   40                 41                 42                 43                 44        
    0     -8.4799328312E-04  -8.0217497429E-04  -5.3033283475E-04   2.9162331255E-04   7.6025556775E-04
    1     -9.7078857732E-04  -4.7966469477E-04  -2.5476438479E-04  -3.1085930648E-05   7.3021770369E-04
    2      1.7455786777E-03  -2.1299163417E-04   2.7297221457E-04  -2.9978747460E-04  -7.4122131692E-04
    3      2.6457821826E-08  -1.8633138439E-05  -1.3466042214E-04  -1.2242608346E-05  -2.7727454765E-05
    4     -1.0181289462E-03   9.6649151163E-04  -1.9749060072E-04  -5.5928685374E-04  -3.3162214258E-04
    5      3.2613823129E-04   9.2663212419E-04   5.9096047274E-05  -3.8327096029E-04  -2.9534370511E-04
    6      9.9562201726E-04   8.3386955354E-04  -6.7008738032E-04  -3.1302939822E-04  -6.7582766238E-04
    7     -8.9674067712E-04  -4.8556846276E-04   5.5630873587E-04  -1.6355174400E-04   6.2431285999E-04
    8      1.6351607672E-03  -1.0066164536E-04  -2.3575105156E-04  -2.7697870626E-04  -7.2205231652E-04
    9     -1.8992141065E-03  -1.6203810850E-02  -3.6264723579E-05   2.0300071017E-03   1.3903047564E-03
   10     -2.3262713002E-03   2.3578956528E-04   1.3824535335E-03   1.1505703502E-05   2.1573977957E-03
   11      7.9030924643E-04   6.1400329642E-04  -8.4417841001E-05  -1.1179948097E-03  -9.7728498758E-04
   12      1.9930057036E-03   1.6311101341E-02   7.6362975965E-04  -1.2976003846E-03  -1.4611577999E-03
   13     -2.3373268102E-03   1.6555781392E-04  -9.4352372032E-04   1.5973344944E-05   2.2330226434E-03
