
$orca_hessian_file

$act_atom
  0

$act_coord
  0

$act_energy
     -270.664836

$multiplicity
  1

$hessian
45
                    0                  1                  2                  3                  4        
    0      5.6193459632E-01   4.8934465159E-02   2.6314379835E-02  -1.3113472003E-01   4.1948504199E-02
    1      4.8934465159E-02   4.3221623792E-01  -9.9700209576E-03   4.5311144907E-02  -1.0179044386E-01
    2      2.6314379835E-02  -9.9700209576E-03   5.6195311399E-01   1.8062091713E-02  -1.6168563519E-02
    3     -1.3113472003E-01   4.5311144907E-02   1.8062091713E-02   3.9811355611E-01  -1.4518712595E-03
    4      4.1948504199E-02  -1.0179044386E-01  -1.6168563519E-02  -1.4518712595E-03   5.8023702173E-01
    5      2.2349278812E-02  -1.6205356558E-02  -8.6670230833E-02   9.9585156412E-03  -3.0751495866E-02
    6     -3.3604781278E-02  -3.8864428299E-03  -3.6793031522E-03  -1.3486411405E-01  -4.3287849341E-02
    7      4.4416338072E-03   6.3848955756E-03   4.7164567988E-03  -4.6658882194E-02  -1.0164312961E-01
    8      6.7499166730E-03   5.1575617139E-03  -3.5647620001E-03  -1.3202199853E-02  -1.1818702549E-02
    9     -2.5005254071E-02  -1.9114615372E-02   1.9097094584E-03   3.4187514500E-03  -2.1313396555E-02
   10     -3.1555547091E-02  -9.9368440902E-03   1.0896096128E-03  -1.1275911406E-02  -3.5702999009E-02
   11      5.2108018155E-03   3.3711902072E-03   6.8281305580E-03   1.9659001485E-03  -5.7177071874E-03
   12     -9.7736822893E-02  -5.0110627863E-02   8.6150433074E-05   3.2139865119E-03   2.0515980419E-02
   13     -3.7476044757E-02  -1.8995642470E-01   1.5917177746E-03   1.1382046335E-02  -3.5782303013E-02
   14      2.0469580620E-03   2.8720382203E-03  -6.9407246658E-02  -2.2799822845E-03  -7.8081986197E-03
   15     -7.1745059866E-02  -1.4243665214E-02   7.2626190701E-02  -5.3323849334E-03  -4.6718805588E-03
   16     -1.6467966128E-02  -5.5950132742E-02   5.1285023633E-02   5.7306386097E-03   1.9756383014E-03
   17      7.1494773985E-02   4.6776656053E-02  -2.6422264427E-01   4.5183330454E-04   6.3710795409E-04
   18     -2.0147534998E-01  -2.3313057621E-02  -1.2854575484E-01  -1.5926356126E-02  -4.1828804998E-03
   19     -2.3710866498E-02  -5.1350573716E-02  -2.0255149066E-02   1.5516600577E-02   2.9624449141E-03
   20     -1.3203264332E-01  -2.1103488193E-02  -1.5317036833E-01   9.2091518736E-03   1.7158004406E-03
   21      2.7039261550E-04   2.1849155448E-02  -1.2857806081E-02  -4.6893458549E-02   5.9456316644E-03
   22     -1.5334164539E-03  -1.1697640174E-02   8.1919195607E-03   5.7912217754E-03  -2.4574848443E-01
   23      8.5297672661E-04  -9.8135914544E-03   3.6628176144E-03  -3.6092965597E-03   1.1998454090E-01
   24     -2.5112687773E-03   6.7835654826E-03   2.7322660764E-02  -4.3677106579E-02  -2.6422453057E-03
   25     -4.1295569714E-04  -3.3798707857E-03  -1.7684195040E-02  -2.4739779410E-03  -6.0708448737E-02
   26      2.7103599598E-04  -4.7543069860E-04  -7.4210541821E-03  -1.3525214990E-02  -5.1927539694E-02
   27     -2.7415020806E-03  -2.1425695320E-03   1.9045067630E-04  -1.5426648999E-02   4.2892489827E-03
   28     -1.6514578261E-03  -2.9462449103E-03  -1.3727304112E-03  -1.4283051540E-02   2.9724125720E-03
   29     -2.1419773049E-03  -7.0818154984E-04   4.5499974931E-04  -7.0774986763E-03   1.3404309397E-03
   30     -9.1430428398E-04   1.8196565468E-04  -1.3840090728E-03  -7.6109274710E-03   4.6818486597E-03
   31     -2.3939913445E-04  -2.8925933650E-04   5.1773007556E-04  -7.7020048586E-03   2.0000859949E-03
   32     -8.9862020464E-04  -4.4062971973E-04  -1.6732495121E-04  -3.0466379186E-04   1.1640167920E-04
   33     -4.5365519347E-03   9.4499766185E-04   1.9771694359E-04  -1.7254209628E-03   3.3720658880E-03
   34      1.3835102118E-03  -3.7090093263E-04  -7.3376806429E-04   1.6906105839E-03  -3.5980441594E-03
   35      1.2453186278E-03  -4.2196559929E-04   1.0779582038E-02   9.5311526339E-05  -3.6930485554E-04
   36      1.0414664031E-02  -1.0384523130E-02  -1.8797008841E-03  -1.6770155186E-03  -3.4372072964E-03
   37      1.6885178351E-02  -9.9231885274E-03  -2.6319080777E-03  -1.5596961642E-03  -3.5967738241E-03
   38     -1.3510797021E-03   7.0578827933E-04   1.8680376436E-03   2.4887440067E-04   3.8724066726E-05
   39     -7.9468373129E-04  -5.2178543810E-04   1.3325967824E-03  -3.5687616786E-04   2.2305004505E-05
   40     -8.4283518534E-04  -9.2788069487E-04   1.7386032901E-03   1.9058078098E-05  -1.0269882436E-03
   41     -8.5763330608E-04  -5.0487865256E-04  -1.0593139474E-04   1.1774103755E-04   9.8126654479E-04
   42     -4.1935404002E-04  -2.7458289621E-04   3.1053272515E-04  -1.2126468676E-04   1.8989051483E-04
   43      2.8377262582E-04  -8.1729022343E-05  -3.1419110424E-04  -1.4070018665E-05  -5.4998862378E-04
   44      7.4060730354E-04   7.5977440377E-04  -8.1711897837E-04  -1.3142992673E-04  -2.8501214005E-04
                    5                  6                  7                  8                  9        
    0      2.2349278812E-02  -3.3604781278E-02   4.4416338072E-03   6.7499166730E-03  -2.5005254071E-02
    1     -1.6205356558E-02  -3.8864428299E-03   6.3848955756E-03   5.1575617139E-03  -1.9114615372E-02
    2     -8.6670230833E-02  -3.6793031522E-03   4.7164567988E-03  -3.5647620001E-03   1.9097094584E-03
    3      9.9585156412E-03  -1.3486411405E-01  -4.6658882194E-02  -1.3202199853E-02   3.4187514500E-03
    4     -3.0751495866E-02  -4.3287849341E-02  -1.0164312961E-01  -1.1818702549E-02  -2.1313396555E-02
    5      5.9342974574E-01  -1.7524033340E-02  -1.1563733965E-02  -8.3000166983E-02   1.1193179289E-03
    6     -1.7524033340E-02   5.5640682271E-01  -4.9868171688E-02  -2.5690403363E-02  -9.7375071725E-02
    7     -1.1563733965E-02  -4.9868171688E-02   4.3237212218E-01  -4.8040320467E-03   4.9912767069E-02
    8     -8.3000166983E-02  -2.5690403363E-02  -4.8040320467E-03   5.6714392954E-01   2.8214582960E-03
    9      1.1193179289E-03  -9.7375071725E-02   4.9912767069E-02   2.8214582960E-03   7.9439488169E-01
   10      2.0622171645E-03   3.7306265337E-02  -1.9004793055E-01  -2.2698438490E-03   1.0234875784E-01
   11      7.0527631795E-06   7.7850097210E-04  -2.2304203553E-03  -6.9506512635E-02  -1.3837252320E-02
   12     -1.4005568130E-03  -2.5412309896E-02   1.9483746573E-02   1.2838580328E-03  -4.9164315425E-01
   13      8.6997214766E-04   3.1500440923E-02  -1.0007959291E-02  -2.1442803671E-03  -2.4864845097E-03
   14      3.8342198943E-04  -1.9231709325E-03   1.4145607021E-03   7.3034167415E-03   3.0109219509E-02
   15      2.1824312542E-02  -6.6785464141E-04  -2.3512973161E-04   1.4595552586E-03  -2.4801973149E-04
   16     -1.9778773219E-02   3.1183124641E-04  -2.9209249948E-04   4.9050288666E-04  -2.6497653703E-04
   17     -6.1302433703E-03   9.5751725988E-04  -4.1731065794E-04  -3.8859956952E-04  -1.3288589176E-03
   18     -1.2515443794E-02  -2.5138520320E-03   2.0675554332E-03   1.0557012100E-04  -8.6154014570E-04
   19      1.1503303514E-02   1.4911795698E-03  -2.9193498295E-03  -1.5417298297E-03  -2.0081947020E-03
   20      5.0505198759E-03   2.4269019156E-03  -9.4456392198E-04   2.0296797948E-04   2.6982281175E-04
   21     -3.5833472434E-03   1.4643925803E-03  -2.2734223515E-02   1.3127252839E-02  -4.4405120947E-03
   22      1.1662424846E-01   2.2693275917E-03  -1.1629890407E-02   7.9296337598E-03  -2.2588731020E-03
   23     -1.1902006741E-01  -6.0694906610E-04  -7.5757483934E-03   2.4515352975E-03  -1.1808394406E-03
   24     -1.3559448007E-02  -5.3468632754E-03  -6.7887133080E-03  -2.7567454720E-02  -1.3137363087E-03
   25     -4.8569579030E-02  -1.4047257342E-03  -3.3682519298E-03  -1.7595878237E-02  -1.6439047228E-03
   26     -3.0887686856E-01  -4.8702338018E-04   2.3813379848E-04  -4.6637923305E-03  -2.0279214462E-04
   27      1.4594061978E-02  -1.7458031743E-01   2.1236324678E-02   1.3067626408E-01  -7.6923001545E-03
   28      1.2969582223E-02   2.1738386263E-02  -5.1446561913E-02  -2.2735734846E-02   2.3007993911E-02
   29      4.4759157719E-03   1.3414408090E-01  -2.3556719349E-02  -1.7991190213E-01  -2.2189275940E-03
   30     -2.1679650603E-02  -8.8130463423E-02   1.8948707108E-02  -9.0491883105E-02  -6.9125255837E-03
   31     -1.9074695739E-02   2.1619707461E-02  -5.6018787318E-02   4.9480552667E-02   1.5171918749E-02
   32     -3.8669669882E-03  -8.9324601365E-02   4.5162660375E-02  -2.4767594322E-01  -2.3964188461E-04
   33     -1.1480617648E-04   1.0665400029E-02   1.0350100665E-02   9.6770374708E-04  -1.5073124050E-01
   34      9.8765128793E-04  -1.7071271117E-02  -9.8889280596E-03  -9.0187859720E-04  -1.3610371689E-01
   35      1.7889739746E-03   4.5000780606E-04  -3.4290169307E-04   1.6442563666E-03  -2.7462713669E-03
   36      4.6265486799E-04  -4.5332587764E-03  -1.0107452650E-03   1.3282917000E-03  -9.1748433456E-03
   37      1.1559034863E-03  -1.4626613998E-03  -3.7647352336E-04  -5.9478736129E-04  -5.4208745429E-03
   38      1.7373492482E-03   2.6371896917E-04  -2.8198851732E-04   1.0719008969E-02   3.6351285445E-04
   39      8.7162853488E-05  -8.5292561735E-04   4.6533971488E-04  -1.2692531395E-03  -2.8003420200E-03
   40      2.3429206266E-04   1.0184989425E-03  -9.5143007229E-04   1.6532069258E-03  -1.9184324026E-03
   41      9.3912440992E-04   7.9317893824E-04  -3.7793478741E-04  -1.9296951886E-04  -1.5768960984E-02
   42      2.8477899380E-06  -6.5480317591E-04   4.7792783306E-04  -2.7996867449E-04   3.8490679019E-04
   43     -4.3128406289E-04  -3.6275240480E-04  -1.6623275536E-04  -2.8810735723E-04   2.0564944869E-03
   44     -2.4755962610E-04  -5.9713005417E-04   5.4705909983E-04  -5.6046650350E-04   9.2432340969E-04
                   10                 11                 12                 13                 14        
    0     -3.1555547091E-02   5.2108018155E-03  -9.7736822893E-02  -3.7476044757E-02   2.0469580620E-03
    1     -9.9368440902E-03   3.3711902072E-03  -5.0110627863E-02  -1.8995642470E-01   2.8720382203E-03
    2      1.0896096128E-03   6.8281305580E-03   8.6150433074E-05   1.5917177746E-03  -6.9407246658E-02
    3     -1.1275911406E-02   1.9659001485E-03   3.2139865119E-03   1.1382046335E-02  -2.2799822845E-03
    4     -3.5702999009E-02  -5.7177071874E-03   2.0515980419E-02  -3.5782303013E-02  -7.8081986197E-03
    5      2.0622171645E-03   7.0527631795E-06  -1.4005568130E-03   8.6997214766E-04   3.8342198943E-04
    6      3.7306265337E-02   7.7850097210E-04  -2.5412309896E-02   3.1500440923E-02  -1.9231709325E-03
    7     -1.9004793055E-01  -2.2304203553E-03   1.9483746573E-02  -1.0007959291E-02   1.4145607021E-03
    8     -2.2698438490E-03  -6.9506512635E-02   1.2838580328E-03  -2.1442803671E-03   7.3034167415E-03
    9      1.0234875784E-01  -1.3837252320E-02  -4.9164315425E-01  -2.4864845097E-03   3.0109219509E-02
   10      6.0543782795E-01   4.8004037316E-03   2.6445241928E-03  -1.0283412712E-01  -4.5208110192E-03
   11      4.8004037316E-03   1.4761148421E-01   1.3598860854E-02  -4.2262502698E-03  -5.7546451299E-02
   12      2.6445241928E-03   1.3598860854E-02   7.8984452867E-01  -1.0169677272E-01  -5.1126569539E-02
   13     -1.0283412712E-01  -4.2262502698E-03  -1.0169677272E-01   6.0580620351E-01   1.5195029071E-02
   14     -4.5208110192E-03  -5.7546451299E-02  -5.1126569539E-02   1.5195029071E-02   1.5080200234E-01
   15     -1.4491366437E-03   3.7401979853E-04  -5.7554594711E-03  -4.9897867008E-03   1.0302326062E-02
   16     -3.4106972409E-03   3.8146713422E-04  -1.2211809312E-02  -7.1051049872E-03   2.9670470083E-02
   17      4.2154093747E-04   1.1495922812E-03   9.5575580692E-04   1.6529710939E-03   1.4534027478E-03
   18     -7.5499289017E-04  -5.6457697303E-04  -7.8340903052E-03  -2.0006044205E-03  -4.5245150798E-03
   19     -5.2692767021E-03   6.3800232514E-04  -2.5185328433E-02  -1.6433579460E-03  -2.0482252854E-02
   20     -2.8824663477E-04   5.0587281022E-04   3.3289445207E-03   9.3051915032E-04   1.7577434185E-03
   21     -2.2304789359E-03  -3.6557656443E-04  -4.2189309347E-03   2.0157101941E-03   8.1929436635E-04
   22     -1.9928075356E-03  -1.4661922399E-04   2.2243904414E-03  -1.9914340852E-03  -3.9507044879E-04
   23     -1.8369910103E-03   2.3964040075E-04   1.6232201159E-03  -2.0562261885E-03   3.6105961292E-05
   24      5.2691690126E-04  -5.0305125529E-04  -1.2009151196E-03  -5.2940457461E-04   6.7606733313E-04
   25      3.3412303091E-04   2.8911982659E-04   1.6335036406E-03   3.3190472533E-04   1.0833265728E-04
   26     -9.9124670981E-05   2.5657158352E-04   3.2270804699E-04  -3.3677957450E-05   1.5974847482E-04
   27      2.1057784003E-03   5.4296735877E-03  -7.1881999188E-04   7.3034057686E-04   6.7324770604E-04
   28     -1.6721725048E-03  -2.2925536649E-02   2.0724796193E-03  -5.2716068716E-03   4.0918981149E-04
   29      7.2581923321E-04   1.5372749007E-03  -2.2422780295E-04  -3.8201964236E-04   4.7699862296E-04
   30      5.1497133593E-03  -9.3973878923E-03  -2.0599851254E-05   1.4958872805E-03  -2.6431067416E-04
   31     -7.1468830953E-03   2.8271730909E-02   2.9764527811E-04  -3.4152791852E-03   3.4517400524E-04
   32      1.1538438127E-03   2.5108483029E-03   1.5765804529E-03   2.9279670376E-04   1.0298340091E-03
   33     -1.3112142765E-01  -2.6797367845E-03  -9.1464135114E-03  -2.8015504133E-02  -3.6164949686E-04
   34     -2.5058458322E-01  -2.4307184084E-03   5.4672881961E-03   5.1676454482E-03  -3.1462645322E-04
   35     -3.2655962878E-03  -3.7199480414E-02   1.2285753566E-03   2.4976581797E-03   4.5091024511E-03
   36      2.8132144941E-02   1.7278668551E-03  -1.4849296907E-01   1.2998835466E-01   1.3952511824E-02
   37      5.1189003089E-03   2.3587169765E-04   1.3502739680E-01  -2.5099236334E-01  -1.6182941969E-02
   38     -3.8774666531E-04   4.3805941053E-03   1.3908778090E-02  -1.6553285298E-02  -3.8785056583E-02
   39     -1.0044836269E-03  -1.8400264489E-03  -8.2632557415E-04   1.1198499184E-03   1.9142442106E-03
   40     -2.2956866714E-03   8.0588436665E-04   2.0279399438E-03  -2.2998145585E-03   6.0193982813E-04
   41      3.2304389244E-04   7.6197000199E-04   1.6217375229E-02   1.6416177130E-04  -1.1913967514E-03
   42      1.2134145491E-03   1.0816459092E-04  -5.1704314628E-05  -1.0054377061E-03  -4.1125053917E-05
   43      3.1564525199E-06  -1.1273694643E-03  -2.2229471470E-03  -5.9785889176E-06  -9.0918092384E-04
   44      2.1028331127E-03  -1.5365875674E-03  -1.3519987968E-03   2.1972617401E-03  -9.8162546480E-04
                   15                 16                 17                 18                 19        
    0     -7.1745059866E-02  -1.6467966128E-02   7.1494773985E-02  -2.0147534998E-01  -2.3710866498E-02
    1     -1.4243665214E-02  -5.5950132742E-02   4.6776656053E-02  -2.3313057621E-02  -5.1350573716E-02
    2      7.2626190701E-02   5.1285023633E-02  -2.6422264427E-01  -1.2854575484E-01  -2.0255149066E-02
    3     -5.3323849334E-03   5.7306386097E-03   4.5183330454E-04  -1.5926356126E-02   1.5516600577E-02
    4     -4.6718805588E-03   1.9756383014E-03   6.3710795409E-04  -4.1828804998E-03   2.9624449141E-03
    5      2.1824312542E-02  -1.9778773219E-02  -6.1302433703E-03  -1.2515443794E-02   1.1503303514E-02
    6     -6.6785464141E-04   3.1183124641E-04   9.5751725988E-04  -2.5138520320E-03   1.4911795698E-03
    7     -2.3512973161E-04  -2.9209249948E-04  -4.1731065794E-04   2.0675554332E-03  -2.9193498295E-03
    8      1.4595552586E-03   4.9050288666E-04  -3.8859956952E-04   1.0557012100E-04  -1.5417298297E-03
    9     -2.4801973149E-04  -2.6497653703E-04  -1.3288589176E-03  -8.6154014570E-04  -2.0081947020E-03
   10     -1.4491366437E-03  -3.4106972409E-03   4.2154093747E-04  -7.5499289017E-04  -5.2692767021E-03
   11      3.7401979853E-04   3.8146713422E-04   1.1495922812E-03  -5.6457697303E-04   6.3800232514E-04
   12     -5.7554594711E-03  -1.2211809312E-02   9.5575580692E-04  -7.8340903052E-03  -2.5185328433E-02
   13     -4.9897867008E-03  -7.1051049872E-03   1.6529710939E-03  -2.0006044205E-03  -1.6433579460E-03
   14      1.0302326062E-02   2.9670470083E-02   1.4534027478E-03  -4.5245150798E-03  -2.0482252854E-02
   15      7.7672193289E-02   1.8424631340E-02  -8.1474333148E-02   8.1883203159E-03   5.9529582508E-03
   16      1.8424631340E-02   6.3397806633E-02  -5.3699949389E-02   1.5911930776E-03   1.1318828744E-03
   17     -8.1474333148E-02  -5.3699949389E-02   2.8715541358E-01   6.5768138785E-03   4.8087527824E-03
   18      8.1883203159E-03   1.5911930776E-03   6.5768138785E-03   2.2121804275E-01   2.7373815922E-02
   19      5.9529582508E-03   1.1318828744E-03   4.8087527824E-03   2.7373815922E-02   5.4775938339E-02
   20     -2.3306563084E-02  -3.9453968120E-03  -2.0263442432E-02   1.3912159426E-01   2.3439957379E-02
   21      1.6426411362E-03  -9.1226080326E-04  -1.5483038968E-04  -1.1184931284E-03   8.1061066494E-04
   22     -4.3712253828E-04   1.1625725037E-03  -4.3877074466E-04   5.8098124071E-04  -7.9805504403E-04
   23     -4.9418615861E-04   1.3502770052E-05   1.2613059586E-03   1.8195690789E-04   1.0171017926E-05
   24     -3.0335997611E-03   3.9963796504E-03   1.6245495485E-03   1.2243108635E-03  -8.3178503752E-04
   25      1.8509129281E-03  -1.6159179703E-03  -9.4483481927E-04  -4.6874417945E-04   1.2906235364E-03
   26      1.0215977903E-03  -1.2978501499E-03   8.9748131491E-04   3.1571691979E-05   3.9278781718E-04
   27     -7.1923946358E-04   2.7800250825E-04   8.3647406468E-05  -6.3470294566E-04   4.4409155051E-04
   28     -1.1781638437E-04   5.2130614208E-04   2.3977766696E-05  -4.2994402043E-04   4.4867788538E-04
   29     -4.7521776977E-04   2.3573334517E-04  -1.4867977113E-05  -1.8220211514E-04   1.0897593650E-04
   30     -1.9971432143E-05   8.6324378485E-06   2.5602880519E-04  -6.6249294452E-04   1.1254768104E-04
   31      2.6761714900E-05   4.8864135032E-05   1.5001096113E-04  -2.4737097403E-04   5.2743784225E-04
   32     -3.0806297320E-04   1.7378347126E-04  -2.8100703211E-04  -2.1635878418E-05   9.5945017557E-06
   33     -3.2712742676E-04  -6.4902541671E-04  -1.1873392003E-05  -3.7624755295E-04  -1.0437899121E-03
   34     -5.4268475025E-05   2.3172993780E-04   8.3895095644E-05  -1.8145843426E-04   1.3906508201E-04
   35     -1.1016751687E-03  -2.3073280166E-03  -1.8663358736E-04   6.8237215760E-04   2.0068485275E-03
   36      4.6814106079E-05   5.7416422676E-04   4.1397841297E-04   2.0681118049E-04   9.3516745372E-04
   37     -1.6933009739E-04  -8.1514447462E-06   6.3442812031E-04  -3.8009528015E-04   5.8147258687E-04
   38      3.9177002682E-06  -7.7735166574E-04  -1.5418850219E-04   2.7158001874E-04   3.7416526001E-04
   39      3.2299572366E-04  -2.0208817489E-04   4.7845447821E-05   5.3744853156E-04   3.9747495551E-04
   40      1.1835890253E-04  -3.2725552852E-04   2.1939341473E-04   3.0572608265E-04  -3.1573169171E-05
   41     -2.3275821207E-04  -4.5792931536E-04  -2.9493389231E-04  -5.1995898554E-04  -1.0835443529E-03
   42     -2.4247844290E-05  -2.0677390153E-04   1.2282406909E-04   2.8191518994E-05  -2.5833733463E-04
   43     -6.0596149210E-06   2.3955188525E-04   6.5836763312E-05   4.3731854665E-05   1.5464334604E-04
   44     -2.3479541525E-04   4.0389911986E-05   1.9364747014E-05  -1.1985155100E-04   1.1046906322E-04
                   20                 21                 22                 23                 24        
    0     -1.3203264332E-01   2.7039261550E-04  -1.5334164539E-03   8.5297672661E-04  -2.5112687773E-03
    1     -2.1103488193E-02   2.1849155448E-02  -1.1697640174E-02  -9.8135914544E-03   6.7835654826E-03
    2     -1.5317036833E-01  -1.2857806081E-02   8.1919195607E-03   3.6628176144E-03   2.7322660764E-02
    3      9.2091518736E-03  -4.6893458549E-02   5.7912217754E-03  -3.6092965597E-03  -4.3677106579E-02
    4      1.7158004406E-03   5.9456316644E-03  -2.4574848443E-01   1.1998454090E-01  -2.6422453057E-03
    5      5.0505198759E-03  -3.5833472434E-03   1.1662424846E-01  -1.1902006741E-01  -1.3559448007E-02
    6      2.4269019156E-03   1.4643925803E-03   2.2693275917E-03  -6.0694906610E-04  -5.3468632754E-03
    7     -9.4456392198E-04  -2.2734223515E-02  -1.1629890407E-02  -7.5757483934E-03  -6.7887133080E-03
    8      2.0296797948E-04   1.3127252839E-02   7.9296337598E-03   2.4515352975E-03  -2.7567454720E-02
    9      2.6982281175E-04  -4.4405120947E-03  -2.2588731020E-03  -1.1808394406E-03  -1.3137363087E-03
   10     -2.8824663477E-04  -2.2304789359E-03  -1.9928075356E-03  -1.8369910103E-03   5.2691690126E-04
   11      5.0587281022E-04  -3.6557656443E-04  -1.4661922399E-04   2.3964040075E-04  -5.0305125529E-04
   12      3.3289445207E-03  -4.2189309347E-03   2.2243904414E-03   1.6232201159E-03  -1.2009151196E-03
   13      9.3051915032E-04   2.0157101941E-03  -1.9914340852E-03  -2.0562261885E-03  -5.2940457461E-04
   14      1.7577434185E-03   8.1929436635E-04  -3.9507044879E-04   3.6105961292E-05   6.7606733313E-04
   15     -2.3306563084E-02   1.6426411362E-03  -4.3712253828E-04  -4.9418615861E-04  -3.0335997611E-03
   16     -3.9453968120E-03  -9.1226080326E-04   1.1625725037E-03   1.3502770052E-05   3.9963796504E-03
   17     -2.0263442432E-02  -1.5483038968E-04  -4.3877074466E-04   1.2613059586E-03   1.6245495485E-03
   18      1.3912159426E-01  -1.1184931284E-03   5.8098124071E-04   1.8195690789E-04   1.2243108635E-03
   19      2.3439957379E-02   8.1061066494E-04  -7.9805504403E-04   1.0171017926E-05  -8.3178503752E-04
   20      1.6462540215E-01  -8.6534697924E-05  -2.3635817627E-04   6.1178832487E-05   3.8276292097E-04
   21     -8.6534697924E-05   5.1347368078E-02  -6.2877220815E-03   3.6333339698E-03  -3.4796978545E-04
   22     -2.3635817627E-04  -6.2877220815E-03   2.6675929180E-01  -1.2697783666E-01  -1.5086473887E-04
   23      6.1178832487E-05   3.6333339698E-03  -1.2697783666E-01   1.2517164585E-01  -7.1823187519E-04
   24      3.8276292097E-04  -3.4796978545E-04  -1.5086473887E-04  -7.1823187519E-04   5.8011422074E-02
   25      1.8548092705E-04   1.4634282310E-03   6.7671865733E-03   2.8601402003E-02   2.8736595015E-03
   26      1.4527635129E-03  -7.4089041646E-04  -3.2356819723E-03  -1.4780007725E-02   1.3988430455E-02
   27      2.5663361663E-04  -1.1056353564E-03  -5.6894754857E-04  -8.9857533574E-05   1.1807816848E-03
   28      1.5808586235E-04  -8.0121477640E-04  -7.9057234727E-04   1.0478222138E-04   8.8289065912E-04
   29      2.4432504500E-05   2.0882502876E-04  -2.3527818467E-04   8.7659443017E-05  -3.4532568668E-04
   30      5.6269360318E-04   1.7282358743E-03   4.5317136270E-04   4.2412901527E-04  -3.2713982196E-03
   31      2.6468327009E-04   8.9694138095E-04   1.1761568424E-03  -6.8629960917E-05  -4.1058266239E-03
   32     -5.5945874951E-05   1.1270174739E-04  -4.2729925814E-04   1.1470730654E-03  -1.1927736039E-03
   33      2.4410333417E-04   7.7169424204E-04   4.0499223573E-04   1.6462243882E-04   1.8311375852E-04
   34      1.5355162154E-04  -1.1229779893E-03  -7.2743057150E-04  -4.6231445398E-04  -2.5315679041E-04
   35     -1.2680225953E-04  -2.5519732694E-04  -1.7069396270E-04   3.9242357255E-05   3.3181251662E-04
   36     -2.8778411866E-04   7.8969782785E-04  -3.7611654318E-04  -2.6784547168E-04   1.4498027640E-04
   37     -4.1943192280E-04   1.0639863216E-03  -7.2572783866E-04  -5.7739503069E-04   2.3969324868E-04
   38      5.4543884788E-05   1.8896559525E-04  -1.9222630535E-04   7.9326228644E-05  -3.5905543713E-04
   39      3.2429744702E-05   1.3981739924E-04  -2.6448264569E-06  -2.8561011431E-05   1.3343207973E-04
   40      7.7792040197E-05   1.5466469649E-05   6.7875384319E-05   4.7497380879E-04   5.4656357119E-05
   41      1.6079091903E-04  -2.0458163920E-05  -2.7184556339E-04  -4.5227069433E-04  -9.7663036182E-05
   42     -9.9033207265E-05  -2.9239904388E-05  -1.3270526234E-04   1.1969120185E-04  -1.7518291083E-04
   43     -2.8737053309E-05   5.2276174237E-05   1.6895933361E-04   2.1077915843E-04  -1.3464570715E-05
   44     -2.7965698933E-04  -2.9895922080E-05  -4.9540013251E-05   1.4814819664E-05   1.7048908271E-05
                   25                 26                 27                 28                 29        
    0     -4.1295569714E-04   2.7103599598E-04  -2.7415020806E-03  -1.6514578261E-03  -2.1419773049E-03
    1     -3.3798707857E-03  -4.7543069860E-04  -2.1425695320E-03  -2.9462449103E-03  -7.0818154984E-04
    2     -1.7684195040E-02  -7.4210541821E-03   1.9045067630E-04  -1.3727304112E-03   4.5499974931E-04
    3     -2.4739779410E-03  -1.3525214990E-02  -1.5426648999E-02  -1.4283051540E-02  -7.0774986763E-03
    4     -6.0708448737E-02  -5.1927539694E-02   4.2892489827E-03   2.9724125720E-03   1.3404309397E-03
    5     -4.8569579030E-02  -3.0887686856E-01   1.4594061978E-02   1.2969582223E-02   4.4759157719E-03
    6     -1.4047257342E-03  -4.8702338018E-04  -1.7458031743E-01   2.1738386263E-02   1.3414408090E-01
    7     -3.3682519298E-03   2.3813379848E-04   2.1236324678E-02  -5.1446561913E-02  -2.3556719349E-02
    8     -1.7595878237E-02  -4.6637923305E-03   1.3067626408E-01  -2.2735734846E-02  -1.7991190213E-01
    9     -1.6439047228E-03  -2.0279214462E-04  -7.6923001545E-03   2.3007993911E-02  -2.2189275940E-03
   10      3.3412303091E-04  -9.9124670981E-05   2.1057784003E-03  -1.6721725048E-03   7.2581923321E-04
   11      2.8911982659E-04   2.5657158352E-04   5.4296735877E-03  -2.2925536649E-02   1.5372749007E-03
   12      1.6335036406E-03   3.2270804699E-04  -7.1881999188E-04   2.0724796193E-03  -2.2422780295E-04
   13      3.3190472533E-04  -3.3677957450E-05   7.3034057686E-04  -5.2716068716E-03  -3.8201964236E-04
   14      1.0833265728E-04   1.5974847482E-04   6.7324770604E-04   4.0918981149E-04   4.7699862296E-04
   15      1.8509129281E-03   1.0215977903E-03  -7.1923946358E-04  -1.1781638437E-04  -4.7521776977E-04
   16     -1.6159179703E-03  -1.2978501499E-03   2.7800250825E-04   5.2130614208E-04   2.3573334517E-04
   17     -9.4483481927E-04   8.9748131491E-04   8.3647406468E-05   2.3977766696E-05  -1.4867977113E-05
   18     -4.6874417945E-04   3.1571691979E-05  -6.3470294566E-04  -4.2994402043E-04  -1.8220211514E-04
   19      1.2906235364E-03   3.9278781718E-04   4.4409155051E-04   4.4867788538E-04   1.0897593650E-04
   20      1.8548092705E-04   1.4527635129E-03   2.5663361663E-04   1.5808586235E-04   2.4432504500E-05
   21      1.4634282310E-03  -7.4089041646E-04  -1.1056353564E-03  -8.0121477640E-04   2.0882502876E-04
   22      6.7671865733E-03  -3.2356819723E-03  -5.6894754857E-04  -7.9057234727E-04  -2.3527818467E-04
   23      2.8601402003E-02  -1.4780007725E-02  -8.9857533574E-05   1.0478222138E-04   8.7659443017E-05
   24      2.8736595015E-03   1.3988430455E-02   1.1807816848E-03   8.8289065912E-04  -3.4532568668E-04
   25      6.1181273816E-02   5.6005935505E-02   4.8772581496E-04   1.2899949293E-03   1.4450875305E-04
   26      5.6005935505E-02   3.3152316847E-01   2.3974893436E-05   2.8929467120E-04   1.4720085161E-03
   27      4.8772581496E-04   2.3974893436E-05   1.9246212871E-01  -2.5069980456E-02  -1.4188718763E-01
   28      1.2899949293E-03   2.8929467120E-04  -2.5069980456E-02   5.4892826473E-02   2.6346018914E-02
   29      1.4450875305E-04   1.4720085161E-03  -1.4188718763E-01   2.6346018914E-02   1.9319656677E-01
   30     -1.9641262949E-03  -5.7729376770E-04   9.5335285026E-03  -5.4493242161E-03   2.0302304996E-02
   31     -1.6086039427E-03  -8.9419337269E-04  -1.9885686398E-03   1.1547564850E-03  -3.7917720453E-03
   32     -7.5564161550E-04   1.1578500041E-03  -9.6510546514E-03   5.3915894750E-03  -2.1612872115E-02
   33      7.1553160754E-05   5.3439929224E-06   1.9620597688E-04  -8.9212330866E-04   3.2572171888E-04
   34     -2.9717853577E-04  -1.1301505071E-04   3.3820168523E-04   5.8143949059E-04  -4.6183449632E-04
   35      2.3623451340E-04  -1.1485625931E-04  -2.7030617245E-04   4.8137188793E-04   5.7565079585E-05
   36     -4.2789824188E-05   3.6537029467E-06  -4.7306074740E-04   1.2500394943E-03  -1.9410890544E-04
   37     -3.0478490903E-04  -1.3845748099E-04   2.0303107241E-04   1.3808885161E-04   1.3067464013E-04
   38      2.2591059037E-04  -1.0878927037E-04  -6.2619626508E-04   1.8806426249E-03  -6.5480360143E-05
   39      6.2223669528E-07  -9.5961194489E-05   6.3317115587E-04  -5.2372520823E-04  -1.0447407801E-04
   40     -3.2308217075E-04   9.3528836710E-04  -3.1144906585E-04  -2.3141641146E-05   1.0230444322E-04
   41     -1.4088008547E-04  -1.3206091168E-03   5.7953631953E-04  -1.0307331765E-03  -1.0635625124E-05
   42     -1.2481970976E-05  -3.9469500726E-05   8.6411138451E-05   2.5304177443E-04  -1.2016249998E-04
   43      4.1103236970E-04   3.1289049467E-04  -1.7424011991E-05   1.5079735883E-04  -3.5736188233E-05
   44     -6.5275553777E-05   3.6638556723E-04   7.4893981017E-06   4.7274874837E-05  -1.6766315314E-04
                   30                 31                 32                 33                 34        
    0     -9.1430428398E-04  -2.3939913445E-04  -8.9862020464E-04  -4.5365519347E-03   1.3835102118E-03
    1      1.8196565468E-04  -2.8925933650E-04  -4.4062971973E-04   9.4499766185E-04  -3.7090093263E-04
    2     -1.3840090728E-03   5.1773007556E-04  -1.6732495121E-04   1.9771694359E-04  -7.3376806429E-04
    3     -7.6109274710E-03  -7.7020048586E-03  -3.0466379186E-04  -1.7254209628E-03   1.6906105839E-03
    4      4.6818486597E-03   2.0000859949E-03   1.1640167920E-04   3.3720658880E-03  -3.5980441594E-03
    5     -2.1679650603E-02  -1.9074695739E-02  -3.8669669882E-03  -1.1480617648E-04   9.8765128793E-04
    6     -8.8130463423E-02   2.1619707461E-02  -8.9324601365E-02   1.0665400029E-02  -1.7071271117E-02
    7      1.8948707108E-02  -5.6018787318E-02   4.5162660375E-02   1.0350100665E-02  -9.8889280596E-03
    8     -9.0491883105E-02   4.9480552667E-02  -2.4767594322E-01   9.6770374708E-04  -9.0187859720E-04
    9     -6.9125255837E-03   1.5171918749E-02  -2.3964188461E-04  -1.5073124050E-01  -1.3610371689E-01
   10      5.1497133593E-03  -7.1468830953E-03   1.1538438127E-03  -1.3112142765E-01  -2.5058458322E-01
   11     -9.3973878923E-03   2.8271730909E-02   2.5108483029E-03  -2.6797367845E-03  -2.4307184084E-03
   12     -2.0599851254E-05   2.9764527811E-04   1.5765804529E-03  -9.1464135114E-03   5.4672881961E-03
   13      1.4958872805E-03  -3.4152791852E-03   2.9279670376E-04  -2.8015504133E-02   5.1676454482E-03
   14     -2.6431067416E-04   3.4517400524E-04   1.0298340091E-03  -3.6164949686E-04  -3.1462645322E-04
   15     -1.9971432143E-05   2.6761714900E-05  -3.0806297320E-04  -3.2712742676E-04  -5.4268475025E-05
   16      8.6324378485E-06   4.8864135032E-05   1.7378347126E-04  -6.4902541671E-04   2.3172993780E-04
   17      2.5602880519E-04   1.5001096113E-04  -2.8100703211E-04  -1.1873392003E-05   8.3895095644E-05
   18     -6.6249294452E-04  -2.4737097403E-04  -2.1635878418E-05  -3.7624755295E-04  -1.8145843426E-04
   19      1.1254768104E-04   5.2743784225E-04   9.5945017557E-06  -1.0437899121E-03   1.3906508201E-04
   20      5.6269360318E-04   2.6468327009E-04  -5.5945874951E-05   2.4410333417E-04   1.5355162154E-04
   21      1.7282358743E-03   8.9694138095E-04   1.1270174739E-04   7.7169424204E-04  -1.1229779893E-03
   22      4.5317136270E-04   1.1761568424E-03  -4.2729925814E-04   4.0499223573E-04  -7.2743057150E-04
   23      4.2412901527E-04  -6.8629960917E-05   1.1470730654E-03   1.6462243882E-04  -4.6231445398E-04
   24     -3.2713982196E-03  -4.1058266239E-03  -1.1927736039E-03   1.8311375852E-04  -2.5315679041E-04
   25     -1.9641262949E-03  -1.6086039427E-03  -7.5564161550E-04   7.1553160754E-05  -2.9717853577E-04
   26     -5.7729376770E-04  -8.9419337269E-04   1.1578500041E-03   5.3439929224E-06  -1.1301505071E-04
   27      9.5335285026E-03  -1.9885686398E-03  -9.6510546514E-03   1.9620597688E-04   3.3820168523E-04
   28     -5.4493242161E-03   1.1547564850E-03   5.3915894750E-03  -8.9212330866E-04   5.8143949059E-04
   29      2.0302304996E-02  -3.7917720453E-03  -2.1612872115E-02   3.2572171888E-04  -4.6183449632E-04
   30      9.6116830651E-02  -2.3809294030E-02   1.0081907877E-01  -9.0151996035E-06   2.5013229125E-04
   31     -2.3809294030E-02   6.3455183642E-02  -5.1698116456E-02  -6.3663954261E-04  -1.8363427679E-05
   32      1.0081907877E-01  -5.1698116456E-02   2.6853966563E-01  -4.4251040259E-04   6.3672240083E-04
   33     -9.0151996035E-06  -6.3663954261E-04  -4.4251040259E-04   1.5414691304E-01   1.4628434319E-01
   34      2.5013229125E-04  -1.8363427679E-05   6.3672240083E-04   1.4628434319E-01   2.5841843961E-01
   35     -2.2395053603E-05  -7.2122500387E-04  -1.3392369350E-04   1.7040496769E-03   2.9307941574E-03
   36     -1.9677455817E-04   4.1686923134E-04  -7.8735491208E-07   9.7562486042E-04  -7.7765116950E-04
   37      6.3545683823E-05   2.3381209468E-04   8.2204597844E-05   7.9222519101E-04   4.0259641582E-04
   38      1.1112835090E-03  -2.3559087193E-03  -2.6937751538E-04  -1.9242424706E-04   1.7988967973E-04
   39      3.4076629740E-04   1.4053400061E-04  -7.2272426472E-05   1.9654319265E-04   6.3254455146E-04
   40     -9.0358389115E-05  -3.2272364362E-04   2.1372779023E-04   2.1021596741E-04   2.9828405299E-04
   41      2.9219382258E-04  -4.6974266547E-04  -1.9922359970E-04   7.3363417114E-04   6.2500044727E-04
   42      2.9111641183E-05   1.5649459060E-04  -4.1082456132E-05  -2.8347800804E-04  -4.6716768450E-04
   43     -3.0817191901E-05   2.2360291288E-04   7.7534512231E-05  -8.6946147764E-05   2.4622887373E-04
   44      3.8563661701E-05   5.5229803687E-05  -1.2268602139E-04  -5.4227864275E-04  -2.0888545857E-04
                   35                 36                 37                 38                 39        
    0      1.2453186278E-03   1.0414664031E-02   1.6885178351E-02  -1.3510797021E-03  -7.9468373129E-04
    1     -4.2196559929E-04  -1.0384523130E-02  -9.9231885274E-03   7.0578827933E-04  -5.2178543810E-04
    2      1.0779582038E-02  -1.8797008841E-03  -2.6319080777E-03   1.8680376436E-03   1.3325967824E-03
    3      9.5311526339E-05  -1.6770155186E-03  -1.5596961642E-03   2.4887440067E-04  -3.5687616786E-04
    4     -3.6930485554E-04  -3.4372072964E-03  -3.5967738241E-03   3.8724066726E-05   2.2305004505E-05
    5      1.7889739746E-03   4.6265486799E-04   1.1559034863E-03   1.7373492482E-03   8.7162853488E-05
    6      4.5000780606E-04  -4.5332587764E-03  -1.4626613998E-03   2.6371896917E-04  -8.5292561735E-04
    7     -3.4290169307E-04  -1.0107452650E-03  -3.7647352336E-04  -2.8198851732E-04   4.6533971488E-04
    8      1.6442563666E-03   1.3282917000E-03  -5.9478736129E-04   1.0719008969E-02  -1.2692531395E-03
    9     -2.7462713669E-03  -9.1748433456E-03  -5.4208745429E-03   3.6351285445E-04  -2.8003420200E-03
   10     -3.2655962878E-03   2.8132144941E-02   5.1189003089E-03  -3.8774666531E-04  -1.0044836269E-03
   11     -3.7199480414E-02   1.7278668551E-03   2.3587169765E-04   4.3805941053E-03  -1.8400264489E-03
   12      1.2285753566E-03  -1.4849296907E-01   1.3502739680E-01   1.3908778090E-02  -8.2632557415E-04
   13      2.4976581797E-03   1.2998835466E-01  -2.5099236334E-01  -1.6553285298E-02   1.1198499184E-03
   14      4.5091024511E-03   1.3952511824E-02  -1.6182941969E-02  -3.8785056583E-02   1.9142442106E-03
   15     -1.1016751687E-03   4.6814106079E-05  -1.6933009739E-04   3.9177002682E-06   3.2299572366E-04
   16     -2.3073280166E-03   5.7416422676E-04  -8.1514447462E-06  -7.7735166574E-04  -2.0208817489E-04
   17     -1.8663358736E-04   4.1397841297E-04   6.3442812031E-04  -1.5418850219E-04   4.7845447821E-05
   18      6.8237215760E-04   2.0681118049E-04  -3.8009528015E-04   2.7158001874E-04   5.3744853156E-04
   19      2.0068485275E-03   9.3516745372E-04   5.8147258687E-04   3.7416526001E-04   3.9747495551E-04
   20     -1.2680225953E-04  -2.8778411866E-04  -4.1943192280E-04   5.4543884788E-05   3.2429744702E-05
   21     -2.5519732694E-04   7.8969782785E-04   1.0639863216E-03   1.8896559525E-04   1.3981739924E-04
   22     -1.7069396270E-04  -3.7611654318E-04  -7.2572783866E-04  -1.9222630535E-04  -2.6448264569E-06
   23      3.9242357255E-05  -2.6784547168E-04  -5.7739503069E-04   7.9326228644E-05  -2.8561011431E-05
   24      3.3181251662E-04   1.4498027640E-04   2.3969324868E-04  -3.5905543713E-04   1.3343207973E-04
   25      2.3623451340E-04  -4.2789824188E-05  -3.0478490903E-04   2.2591059037E-04   6.2223669528E-07
   26     -1.1485625931E-04   3.6537029467E-06  -1.3845748099E-04  -1.0878927037E-04  -9.5961194489E-05
   27     -2.7030617245E-04  -4.7306074740E-04   2.0303107241E-04  -6.2619626508E-04   6.3317115587E-04
   28      4.8137188793E-04   1.2500394943E-03   1.3808885161E-04   1.8806426249E-03  -5.2372520823E-04
   29      5.7565079585E-05  -1.9410890544E-04   1.3067464013E-04  -6.5480360143E-05  -1.0447407801E-04
   30     -2.2395053603E-05  -1.9677455817E-04   6.3545683823E-05   1.1112835090E-03   3.4076629740E-04
   31     -7.2122500387E-04   4.1686923134E-04   2.3381209468E-04  -2.3559087193E-03   1.4053400061E-04
   32     -1.3392369350E-04  -7.8735491208E-07   8.2204597844E-05  -2.6937751538E-04  -7.2272426472E-05
   33      1.7040496769E-03   9.7562486042E-04   7.9222519101E-04  -1.9242424706E-04   1.9654319265E-04
   34      2.9307941574E-03  -7.7765116950E-04   4.0259641582E-04   1.7988967973E-04   6.3254455146E-04
   35      2.4605859354E-02  -4.1257025426E-04   1.1389288730E-04  -5.2096682246E-03  -2.5309347108E-04
   36     -4.1257025426E-04   1.5200981949E-01  -1.4508518007E-01  -1.4677485339E-02   1.7847897401E-04
   37      1.1389288730E-04  -1.4508518007E-01   2.5893783289E-01   1.7741751943E-02  -6.0901839178E-04
   38     -5.2096682246E-03  -1.4677485339E-02   1.7741751943E-02   2.6260033443E-02   2.1098126905E-04
   39     -2.5309347108E-04   1.7847897401E-04  -6.0901839178E-04   2.1098126905E-04   2.7524055987E-03
   40     -6.0362957266E-04  -2.7607132612E-04   2.9829616726E-04  -5.7837162523E-04   2.5863198297E-03
   41     -2.9884401119E-04  -6.7706886326E-04   7.4445115104E-04  -3.9988651871E-04   3.8255228646E-04
   42     -6.7355573526E-04  -2.1896873335E-04   4.1471575941E-04   6.5256598115E-04   3.9609415781E-04
   43     -3.4618869298E-05   9.0628129617E-05   2.1646409514E-04  -2.8910762869E-05  -2.5097349651E-03
   44     -1.5437317133E-04   4.9045643077E-04  -2.8533956605E-04  -1.0644654814E-04  -3.4042426115E-04
                   40                 41                 42                 43                 44        
    0     -8.4283518534E-04  -8.5763330608E-04  -4.1935404002E-04   2.8377262582E-04   7.4060730354E-04
    1     -9.2788069487E-04  -5.0487865256E-04  -2.7458289621E-04  -8.1729022343E-05   7.5977440377E-04
    2      1.7386032901E-03  -1.0593139474E-04   3.1053272515E-04  -3.1419110424E-04  -8.1711897837E-04
    3      1.9058078098E-05   1.1774103755E-04  -1.2126468676E-04  -1.4070018665E-05  -1.3142992673E-04
    4     -1.0269882436E-03   9.8126654479E-04   1.8989051483E-04  -5.4998862378E-04  -2.8501214005E-04
    5      2.3429206266E-04   9.3912440992E-04   2.8477899380E-06  -4.3128406289E-04  -2.4755962610E-04
    6      1.0184989425E-03   7.9317893824E-04  -6.5480317591E-04  -3.6275240480E-04  -5.9713005417E-04
    7     -9.5143007229E-04  -3.7793478741E-04   4.7792783306E-04  -1.6623275536E-04   5.4705909983E-04
    8      1.6532069258E-03  -1.9296951886E-04  -2.7996867449E-04  -2.8810735723E-04  -5.6046650350E-04
    9     -1.9184324026E-03  -1.5768960984E-02   3.8490679019E-04   2.0564944869E-03   9.2432340969E-04
   10     -2.2956866714E-03   3.2304389244E-04   1.2134145491E-03   3.1564525199E-06   2.1028331127E-03
   11      8.0588436665E-04   7.6197000199E-04   1.0816459092E-04  -1.1273694643E-03  -1.5365875674E-03
   12      2.0279399438E-03   1.6217375229E-02  -5.1704314628E-05  -2.2229471470E-03  -1.3519987968E-03
   13     -2.2998145585E-03   1.6416177130E-04  -1.0054377061E-03  -5.9785889176E-06   2.1972617401E-03
