
$orca_hessian_file

$act_atom
  0

$act_coord
  0

$act_energy
     -195.006938

$multiplicity
  1

$hessian
39
                    0                  1                  2                  3                  4        
    0      5.5964346805E-01   5.0718518836E-02   2.3786510493E-02  -1.3390101009E-01   4.3582455962E-02
    1      5.0718518836E-02   4.2809287089E-01  -3.8973753997E-03   4.6606404334E-02  -1.0232245696E-01
    2      2.3786510493E-02  -3.8973753997E-03   5.6276392102E-01   1.5116425589E-02  -1.4374702043E-02
    3     -1.3390101009E-01   4.6606404334E-02   1.5116425589E-02   3.9846000189E-01  -3.5698330300E-05
    4      4.3582455962E-02  -1.0232245696E-01  -1.4374702043E-02  -3.5698330300E-05   5.8076480445E-01
    5      1.9849796052E-02  -1.3990548918E-02  -8.4706180490E-02  -5.1022953637E-04  -3.1752782970E-02
    6     -3.4133654727E-02  -4.4074791901E-03  -5.5680652960E-03  -1.3357550408E-01  -4.3541707051E-02
    7      4.3207092057E-03   6.4063786900E-03   5.0306047329E-03  -4.6568846294E-02  -1.0244840420E-01
    8      5.3944479050E-03   5.0124649783E-03  -4.2286683752E-03  -1.5355830421E-02  -1.4632572160E-02
    9     -2.4698827056E-02  -1.9816218823E-02   1.1008571697E-03   2.8129790221E-03  -2.1226652745E-02
   10     -3.1851442896E-02  -1.0658910467E-02   1.0147119016E-03  -1.1420226505E-02  -3.6101885163E-02
   11      4.4272602079E-03   3.0701393255E-03   7.0583121094E-03   2.6237629582E-03  -5.6320800545E-03
   12     -9.8479736874E-02  -4.8445731560E-02   2.3466463265E-03   2.7906519049E-03   2.1314874733E-02
   13     -3.6238906723E-02  -1.8637707916E-01   6.1461108331E-03   1.1447779324E-02  -3.6056214850E-02
   14      1.5940764540E-03   6.2909001977E-03  -7.0230394254E-02  -2.6037851275E-03  -5.5184976482E-03
   15     -7.6454061019E-02  -1.2621663933E-02   7.8256249098E-02  -5.9722323177E-03  -3.9237506157E-03
   16     -1.4957477999E-02  -5.2178663179E-02   4.4003356819E-02   6.2510785274E-03   1.3157399995E-03
   17      7.7709385777E-02   3.9194186354E-02  -2.6315058366E-01   3.9224862032E-04   1.5512952483E-04
   18     -1.9163079316E-01  -2.9199048124E-02  -1.2669057368E-01  -1.5989802195E-02  -5.3093825059E-03
   19     -3.0031431090E-02  -5.4219727946E-02  -2.6482641653E-02   1.5392656256E-02   3.6905697183E-03
   20     -1.2926871356E-01  -2.6599498212E-02  -1.5780408037E-01   8.1602369823E-03   1.5962519023E-03
   21      1.1970096727E-03   2.2185259888E-02  -1.3253088818E-02  -4.6859951255E-02  -2.0481457591E-04
   22     -2.1611719421E-03  -1.1540392337E-02   8.1435819619E-03  -1.9197536449E-04  -2.4455708289E-01
   23      5.2309657747E-04  -8.3565301348E-03   3.0341017270E-03   1.2259319004E-04   1.2040775796E-01
   24     -3.9607593462E-03   6.7766446769E-03   2.7647210736E-02  -4.2649616565E-02   1.5972740151E-04
   25      5.5980709723E-04  -3.4848604761E-03  -1.7720924366E-02   1.5799670919E-04  -6.2095270728E-02
   26      3.0502387959E-04  -4.0757985465E-05  -6.2219547071E-03   7.5782155513E-04  -5.1868742671E-02
   27     -2.6442282513E-03  -2.2088651250E-03  -3.7148043918E-05  -1.6007283535E-02   5.2695282241E-03
   28     -1.6202980751E-03  -3.1376651783E-03  -1.6644874196E-03  -1.5489299555E-02   3.6783596983E-03
   29     -2.3042301851E-03  -8.3468067290E-04   5.9444230696E-04  -8.2736451979E-03   1.6169133372E-03
   30     -5.6596398011E-04   2.8281385626E-04  -1.5485345666E-03  -5.8409019409E-03   3.9135913096E-03
   31     -2.4985036646E-04  -1.8491675967E-04   7.0340962781E-04  -6.1461608902E-03   1.3162482803E-03
   32     -1.0873969914E-03  -4.9779412530E-04  -1.2390276544E-04  -3.9846275186E-04   1.7518006874E-04
   33     -4.7255175308E-03   8.1995650273E-04  -5.9623627673E-04  -1.6440557793E-03   3.4121264425E-03
   34      1.4106653493E-03  -2.9508169530E-04  -3.1188509214E-05   1.5358453785E-03  -3.5536121247E-03
   35      3.4802581239E-04   4.1584744906E-05   1.1801484224E-02  -8.7973104134E-05  -8.1043704968E-05
   36      1.0354074315E-02  -1.0693065231E-02  -5.4486033550E-04  -1.6232750543E-03  -3.4065228526E-03
   37      1.6520896533E-02  -1.0099495422E-02  -8.7900868922E-04  -1.5433289864E-03  -3.6307952302E-03
   38     -1.2926748182E-03   6.1646205126E-04   1.2135032378E-03   6.5002089961E-05  -1.0247825000E-04
                    5                  6                  7                  8                  9        
    0      1.9849796052E-02  -3.4133654727E-02   4.3207092057E-03   5.3944479050E-03  -2.4698827056E-02
    1     -1.3990548918E-02  -4.4074791901E-03   6.4063786900E-03   5.0124649783E-03  -1.9816218823E-02
    2     -8.4706180490E-02  -5.5680652960E-03   5.0306047329E-03  -4.2286683752E-03   1.1008571697E-03
    3     -5.1022953637E-04  -1.3357550408E-01  -4.6568846294E-02  -1.5355830421E-02   2.8129790221E-03
    4     -3.1752782970E-02  -4.3541707051E-02  -1.0244840420E-01  -1.4632572160E-02  -2.1226652745E-02
    5      5.8702047081E-01  -2.0098341152E-02  -1.4270449567E-02  -8.4904427757E-02   1.7348974130E-03
    6     -2.0098341152E-02   5.5999836501E-01  -5.0500522432E-02  -2.3776309424E-02  -9.8542743991E-02
    7     -1.4270449567E-02  -5.0500522432E-02   4.2791416842E-01  -4.2239395134E-03   4.8524917480E-02
    8     -8.4904427757E-02  -2.3776309424E-02  -4.2239395134E-03   5.6251725485E-01  -2.5145425026E-03
    9      1.7348974130E-03  -9.8542743991E-02   4.8524917480E-02  -2.5145425026E-03   8.2623053712E-01
   10      3.1858734055E-03   3.6325270270E-02  -1.8624066564E-01   6.3408177843E-03   1.0358254592E-01
   11      9.8646104736E-04  -1.7667157542E-03   6.5561028926E-03  -7.0253576857E-02   5.6930299998E-03
   12     -1.7363256213E-03  -2.4739919356E-02   1.9777924371E-02  -1.2800035957E-03  -5.2740333641E-01
   13      3.2486845477E-03   3.1823108404E-02  -1.0588275142E-02   1.1937442445E-03  -4.3303660590E-03
   14      9.6346641651E-04  -4.6077296894E-03   3.1742736473E-03   7.0319759323E-03   1.4597291230E-03
   15      2.2418633863E-02  -5.7836072041E-04  -2.8165584088E-04   1.5491251343E-03   6.3202788471E-05
   16     -2.0023753607E-02   2.4710098470E-04  -1.8346352111E-04   7.1061728744E-04   3.7942423033E-04
   17     -4.9249851878E-03   1.0868214498E-03  -4.9494717991E-04  -1.0605578521E-04  -1.4216900822E-03
   18     -1.3410878699E-02  -2.6666186944E-03   2.2125897976E-03   2.3794804428E-05  -2.5119814365E-04
   19      1.2242413643E-02   1.6289965623E-03  -3.1331842938E-03  -1.6577301843E-03  -1.3419620870E-03
   20      4.1311316571E-03   2.2837935705E-03  -8.1667530281E-04   6.0988788302E-04   3.1351357364E-04
   21      1.2299859536E-04   1.1582091223E-03  -2.2124806213E-02   1.3233903959E-02  -4.4077741950E-03
   22      1.1706206061E-01   2.1310623695E-03  -1.1563281208E-02   8.1700211223E-03  -2.0672195216E-03
   23     -1.1980543347E-01  -5.2619128858E-04  -8.4912223929E-03   3.1104936827E-03  -1.2343378855E-03
   24      7.6376583900E-04  -3.7893935420E-03  -6.7784197656E-03  -2.7606913758E-02  -1.0536944414E-03
   25     -5.0425377390E-02  -4.6544454664E-04  -3.4937138330E-03  -1.7764331330E-02  -9.7150232543E-04
   26     -3.0120748068E-01  -2.8432638209E-04  -7.9481966352E-05  -6.3769565586E-03  -1.2190446488E-05
   27      1.3290452619E-02  -1.9311086359E-01   2.9137939778E-02   1.2653546614E-01  -7.6982786624E-03
   28      1.2179667716E-02   2.9968902073E-02  -5.4122628453E-02  -2.6131080148E-02   2.4840560582E-02
   29      4.1564061781E-03   1.2911197690E-01  -2.6247118639E-02  -1.5639992586E-01  -3.9078700911E-03
   30     -2.2387762205E-02  -7.5648561069E-02   1.2371851984E-02  -7.7301512740E-02  -5.9532745684E-03
   31     -2.0093263938E-02   1.4685280387E-02  -5.2134714750E-02   4.3972912195E-02   1.4192728353E-02
   32     -5.0418202627E-03  -7.6753162850E-02   3.9161672564E-02  -2.6401192135E-01  -1.1460073530E-03
   33     -4.5264211851E-04   1.0385844841E-02   1.0707366282E-02   5.7591213618E-04  -1.5021526075E-01
   34      1.3430748267E-03  -1.6471604221E-02  -1.0111508842E-02  -9.6283362226E-04  -1.3623815835E-01
   35      1.6833934762E-03   1.3768661526E-03   6.6431612732E-04   1.2231892865E-03   2.0967980080E-04
   36      4.0747010464E-04  -4.7567992076E-03  -8.0459134158E-04   5.0774101243E-04  -8.8823307112E-03
   37      1.3060683494E-03  -1.4174206210E-03  -3.0070722773E-04  -4.0370851706E-05  -5.5237996335E-03
   38      1.6489982587E-03  -4.6389488573E-04   4.9144795115E-05   1.1788730909E-02  -2.6835472293E-04
                   10                 11                 12                 13                 14        
    0     -3.1851442896E-02   4.4272602079E-03  -9.8479736874E-02  -3.6238906723E-02   1.5940764540E-03
    1     -1.0658910467E-02   3.0701393255E-03  -4.8445731560E-02  -1.8637707916E-01   6.2909001977E-03
    2      1.0147119016E-03   7.0583121094E-03   2.3466463265E-03   6.1461108331E-03  -7.0230394254E-02
    3     -1.1420226505E-02   2.6237629582E-03   2.7906519049E-03   1.1447779324E-02  -2.6037851275E-03
    4     -3.6101885163E-02  -5.6320800545E-03   2.1314874733E-02  -3.6056214850E-02  -5.5184976482E-03
    5      3.1858734055E-03   9.8646104736E-04  -1.7363256213E-03   3.2486845477E-03   9.6346641651E-04
    6      3.6325270270E-02  -1.7667157542E-03  -2.4739919356E-02   3.1823108404E-02  -4.6077296894E-03
    7     -1.8624066564E-01   6.5561028926E-03   1.9777924371E-02  -1.0588275142E-02   3.1742736473E-03
    8      6.3408177843E-03  -7.0253576857E-02  -1.2800035957E-03   1.1937442445E-03   7.0319759323E-03
    9      1.0358254592E-01   5.6930299998E-03  -5.2740333641E-01  -4.3303660590E-03   1.4597291230E-03
   10      6.0085709516E-01  -1.5333338010E-02   3.7329128795E-03  -1.0344838712E-01  -1.0682701919E-03
   11     -1.5333338010E-02   1.4080925775E-01  -4.1293613327E-03  -1.1020897016E-03  -5.2583021293E-02
   12      3.7329128795E-03  -4.1293613327E-03   8.2653674011E-01  -1.0315596878E-01  -1.7966280760E-03
   13     -1.0344838712E-01  -1.1020897016E-03  -1.0315596878E-01   6.0060277154E-01  -1.5948700977E-02
   14     -1.0682701919E-03  -5.2583021293E-02  -1.7966280760E-03  -1.5948700977E-02   1.4076023831E-01
   15     -1.5638983255E-03   5.4593300943E-04  -5.9780333944E-03  -4.6858321342E-03   9.8663100463E-03
   16     -3.6120994419E-03   2.5842879557E-04  -1.4352341343E-02  -6.4741351604E-03   2.9039525588E-02
   17      6.4822213148E-04   9.3252298304E-04   1.0997568848E-03   2.0766408419E-03   1.5324344484E-03
   18     -7.8236411093E-04  -5.7421554181E-04  -7.6556767421E-03  -1.6781391696E-03  -4.4633286971E-03
   19     -5.3796218610E-03   3.7662682311E-04  -2.4733703097E-02  -2.1706323324E-03  -2.1347091818E-02
   20     -1.4865850173E-04   4.3639127899E-04   3.8489614730E-03   1.0459949983E-03   2.9846912819E-03
   21     -2.1873417388E-03  -6.5651558029E-04  -4.4263560630E-03   2.1921261375E-03   6.3350997203E-04
   22     -2.1527207846E-03  -2.8728320317E-04   2.0657772066E-03  -2.1395358125E-03  -2.7453514880E-04
   23     -1.8243012290E-03   3.2089849476E-04   1.2094216216E-03  -1.8130007890E-03   3.3469398134E-04
   24      5.7942066556E-04  -4.0354517115E-04  -1.0524007050E-03  -5.8885207607E-04   3.9260286074E-04
   25      4.4766429912E-04   1.8128396635E-04   9.6509603063E-04   4.4824448498E-04   1.8649597708E-04
   26     -1.4513085227E-04   2.4120389157E-04   4.6427942680E-06  -1.4863071675E-04   2.4846260686E-04
   27      1.6656272002E-03   4.4344127980E-03  -2.5480601660E-04   7.9015171555E-04   5.6846170373E-04
   28     -2.1376568772E-03  -2.1205223444E-02   1.3437441835E-03  -5.3770619358E-03   3.8260824704E-04
   29      1.0497553236E-03   2.9892627579E-03  -3.1484181178E-04  -1.4460646615E-04   4.3612121715E-04
   30      4.6746859773E-03  -9.9450871254E-03   5.7342423070E-05   1.5550864043E-03  -5.5224473740E-04
   31     -6.4431959288E-03   2.9106701832E-02  -3.7261325736E-04  -3.6130696159E-03   2.5707269518E-04
   32      2.1054811074E-03   1.4757151063E-03   1.4130834033E-03   6.6145674755E-04   9.3459812880E-04
   33     -1.3085307529E-01   5.7044310283E-04  -8.8407248178E-03  -2.8122106709E-02   7.4624766043E-04
   34     -2.5026611202E-01   4.0754052278E-03   5.4958698783E-03   5.0844617652E-03  -4.8969536071E-05
   35      3.5722038832E-03  -3.6774085186E-02   1.8037561144E-04   4.3601013183E-04   4.3556385861E-03
   36      2.8093588924E-02  -8.2611556678E-04  -1.5055374406E-01   1.3099615694E-01  -1.2288230809E-03
   37      5.1364958425E-03  -6.9914650358E-05   1.3635992149E-01  -2.4989108666E-01   4.8693142405E-03
   38      6.0787344790E-04   4.3606579174E-03  -8.5412608926E-04   4.3542610325E-03  -3.6768905358E-02
                   15                 16                 17                 18                 19        
    0     -7.6454061019E-02  -1.4957477999E-02   7.7709385777E-02  -1.9163079316E-01  -3.0031431090E-02
    1     -1.2621663933E-02  -5.2178663179E-02   3.9194186354E-02  -2.9199048124E-02  -5.4219727946E-02
    2      7.8256249098E-02   4.4003356819E-02  -2.6315058366E-01  -1.2669057368E-01  -2.6482641653E-02
    3     -5.9722323177E-03   6.2510785274E-03   3.9224862032E-04  -1.5989802195E-02   1.5392656256E-02
    4     -3.9237506157E-03   1.3157399995E-03   1.5512952483E-04  -5.3093825059E-03   3.6905697183E-03
    5      2.2418633863E-02  -2.0023753607E-02  -4.9249851878E-03  -1.3410878699E-02   1.2242413643E-02
    6     -5.7836072041E-04   2.4710098470E-04   1.0868214498E-03  -2.6666186944E-03   1.6289965623E-03
    7     -2.8165584088E-04  -1.8346352111E-04  -4.9494717991E-04   2.2125897976E-03  -3.1331842938E-03
    8      1.5491251343E-03   7.1061728744E-04  -1.0605578521E-04   2.3794804428E-05  -1.6577301843E-03
    9      6.3202788471E-05   3.7942423033E-04  -1.4216900822E-03  -2.5119814365E-04  -1.3419620870E-03
   10     -1.5638983255E-03  -3.6120994419E-03   6.4822213148E-04  -7.8236411093E-04  -5.3796218610E-03
   11      5.4593300943E-04   2.5842879557E-04   9.3252298304E-04  -5.7421554181E-04   3.7662682311E-04
   12     -5.9780333944E-03  -1.4352341343E-02   1.0997568848E-03  -7.6556767421E-03  -2.4733703097E-02
   13     -4.6858321342E-03  -6.4741351604E-03   2.0766408419E-03  -1.6781391696E-03  -2.1706323324E-03
   14      9.8663100463E-03   2.9039525588E-02   1.5324344484E-03  -4.4633286971E-03  -2.1347091818E-02
   15      8.3083782141E-02   1.7102405478E-02  -8.8039659906E-02   8.3821483369E-03   4.8664020232E-03
   16      1.7102405478E-02   5.9852918352E-02  -4.5269358872E-02   1.9378823771E-03   1.2290821716E-03
   17     -8.8039659906E-02  -4.5269358872E-02   2.8532648153E-01   7.0618319877E-03   4.0837235339E-03
   18      8.3821483369E-03   1.9378823771E-03   7.0618319877E-03   2.1113778905E-01   3.4060485670E-02
   19      4.8664020232E-03   1.2290821716E-03   4.0837235339E-03   3.4060485670E-02   5.7325704891E-02
   20     -2.3089630766E-02  -4.8191851054E-03  -2.1131974266E-02   1.3704262246E-01   2.9768907423E-02
   21      1.6594830403E-03  -9.7677216359E-04  -8.5088328570E-05  -1.0166324442E-03   6.8678607188E-04
   22     -4.2309227614E-04   1.0863260414E-03  -4.3127144596E-04   5.6755407423E-04  -7.0008638922E-04
   23     -4.2486795473E-04   1.0375123034E-05   1.1226480284E-03   1.3343374119E-04   1.1471394376E-04
   24     -3.2629443772E-03   4.2317390609E-03   1.3152974085E-03   1.2765688112E-03  -9.2615916427E-04
   25      1.9308844532E-03  -1.6060989649E-03  -8.0465036920E-04  -5.4634502214E-04   1.3455256557E-03
   26      1.0524436735E-03  -1.1724449489E-03   1.1853002700E-03   2.4103666956E-04   3.2939893233E-04
   27     -6.8084205307E-04   2.1785884176E-04   3.9530409524E-05  -7.0491586891E-04   4.6669055458E-04
   28     -1.0566683168E-04   5.9666171419E-04  -7.6043733276E-06  -4.7066824108E-04   5.3559114936E-04
   29     -5.9138883681E-04   2.5581278207E-04  -6.1733968678E-05  -1.7738263351E-04   1.2586316340E-04
   30      4.0685368638E-05  -3.5816861814E-05   3.7396950667E-04  -6.8430846628E-04   1.0484057130E-04
   31      3.4271013298E-05   8.2428241283E-05   1.7334245049E-04  -2.1668315350E-04   5.9638240442E-04
   32     -3.7232770140E-04   1.7269106923E-04  -3.8848721474E-04  -4.1956630392E-05  -9.1106764742E-06
   33     -2.7142037163E-04  -5.3687695069E-04   1.5581356938E-05  -4.3247797230E-04  -1.1896296812E-03
   34     -1.4088564106E-04   7.8006236825E-05   6.2497343415E-05  -1.6317069507E-04   2.5465750076E-04
   35     -1.2126718615E-03  -2.5700943359E-03  -7.3963827799E-05   6.6161727702E-04   2.1053948222E-03
   36     -3.1407421884E-05   5.0313146290E-04   4.3318835578E-04   2.3591748688E-04   1.0169031056E-03
   37     -1.9885301478E-04  -1.8670248973E-04   6.1302595650E-04  -4.1358659283E-04   6.2573933133E-04
   38      6.0678762595E-05  -5.9490649039E-04  -2.6160334488E-04   1.9676494431E-04   3.4088614392E-04
                   20                 21                 22                 23                 24        
    0     -1.2926871356E-01   1.1970096727E-03  -2.1611719421E-03   5.2309657747E-04  -3.9607593462E-03
    1     -2.6599498212E-02   2.2185259888E-02  -1.1540392337E-02  -8.3565301348E-03   6.7766446769E-03
    2     -1.5780408037E-01  -1.3253088818E-02   8.1435819619E-03   3.0341017270E-03   2.7647210736E-02
    3      8.1602369823E-03  -4.6859951255E-02  -1.9197536449E-04   1.2259319004E-04  -4.2649616565E-02
    4      1.5962519023E-03  -2.0481457591E-04  -2.4455708289E-01   1.2040775796E-01   1.5972740151E-04
    5      4.1311316571E-03   1.2299859536E-04   1.1706206061E-01  -1.1980543347E-01   7.6376583900E-04
    6      2.2837935705E-03   1.1582091223E-03   2.1310623695E-03  -5.2619128858E-04  -3.7893935420E-03
    7     -8.1667530281E-04  -2.2124806213E-02  -1.1563281208E-02  -8.4912223929E-03  -6.7784197656E-03
    8      6.0988788302E-04   1.3233903959E-02   8.1700211223E-03   3.1104936827E-03  -2.7606913758E-02
    9      3.1351357364E-04  -4.4077741950E-03  -2.0672195216E-03  -1.2343378855E-03  -1.0536944414E-03
   10     -1.4865850173E-04  -2.1873417388E-03  -2.1527207846E-03  -1.8243012290E-03   5.7942066556E-04
   11      4.3639127899E-04  -6.5651558029E-04  -2.8728320317E-04   3.2089849476E-04  -4.0354517115E-04
   12      3.8489614730E-03  -4.4263560630E-03   2.0657772066E-03   1.2094216216E-03  -1.0524007050E-03
   13      1.0459949983E-03   2.1921261375E-03  -2.1395358125E-03  -1.8130007890E-03  -5.8885207607E-04
   14      2.9846912819E-03   6.3350997203E-04  -2.7453514880E-04   3.3469398134E-04   3.9260286074E-04
   15     -2.3089630766E-02   1.6594830403E-03  -4.2309227614E-04  -4.2486795473E-04  -3.2629443772E-03
   16     -4.8191851054E-03  -9.7677216359E-04   1.0863260414E-03   1.0375123034E-05   4.2317390609E-03
   17     -2.1131974266E-02  -8.5088328570E-05  -4.3127144596E-04   1.1226480284E-03   1.3152974085E-03
   18      1.3704262246E-01  -1.0166324442E-03   5.6755407423E-04   1.3343374119E-04   1.2765688112E-03
   19      2.9768907423E-02   6.8678607188E-04  -7.0008638922E-04   1.1471394376E-04  -9.2615916427E-04
   20      1.6930420635E-01  -1.8738203875E-04  -1.5713147498E-04   6.8630315435E-05   2.5751018824E-04
   21     -1.8738203875E-04   5.0690605628E-02   2.1183121735E-04  -1.2685931020E-04  -2.7609093062E-04
   22     -1.5713147498E-04   2.1183121735E-04   2.6563014256E-01  -1.2748313269E-01   3.6106866531E-06
   23      6.8630315435E-05  -1.2685931020E-04  -1.2748313269E-01   1.2623987388E-01   2.3276842272E-05
   24      2.5751018824E-04  -2.7609093062E-04   3.6106866531E-06   2.3276842272E-05   5.6423698663E-02
   25      2.0063123906E-04  -8.5423233138E-05   6.9852458803E-03   2.8309703807E-02  -1.5920456709E-04
   26      1.6035008269E-03   4.4670022776E-05  -3.6638649154E-03  -1.5863610738E-02  -7.8699435050E-04
   27      1.7096583983E-04  -1.0134817801E-03  -5.6695729254E-04  -1.3711635334E-04   1.2760689886E-03
   28      1.2262847573E-04  -6.9115901275E-04  -7.0132324628E-04   1.1452125423E-04   9.2531478583E-04
   29      9.5621558806E-06   1.8232777873E-04  -1.5956028099E-04   6.6643139974E-05  -2.5959305589E-04
   30      5.9012644935E-04   1.6554730405E-03   4.2574449909E-04   4.2951293166E-04  -3.2389679717E-03
   31      2.5955803974E-04   9.7994061730E-04   1.0920482301E-03   1.7885359485E-05  -4.2282615316E-03
   32     -5.8763091272E-05   8.8225939928E-05  -4.3068709953E-04   1.1263929578E-03  -1.3405247521E-03
   33      2.1748431739E-04   8.1428838315E-04   4.0025296004E-04   2.1736428171E-04   1.4727188422E-04
   34      1.0990474008E-04  -1.1074029798E-03  -7.3023004518E-04  -5.0086974383E-04  -1.9950206672E-04
   35     -2.0032686504E-04  -2.1862411749E-04  -2.3492113868E-04   1.2192497815E-04   3.2054350341E-04
   36     -3.4225449837E-04   8.2521778052E-04  -3.9539880994E-04  -2.1371051185E-04   1.6025953171E-04
   37     -5.5408231873E-04   1.1217581783E-03  -7.0911000303E-04  -5.0949145167E-04   1.9977656613E-04
   38      4.7142838273E-05   2.2630604374E-04  -2.4968531901E-04   1.2274301851E-04  -3.2227806160E-04
                   25                 26                 27                 28                 29        
    0      5.5980709723E-04   3.0502387959E-04  -2.6442282513E-03  -1.6202980751E-03  -2.3042301851E-03
    1     -3.4848604761E-03  -4.0757985465E-05  -2.2088651250E-03  -3.1376651783E-03  -8.3468067290E-04
    2     -1.7720924366E-02  -6.2219547071E-03  -3.7148043918E-05  -1.6644874196E-03   5.9444230696E-04
    3      1.5799670919E-04   7.5782155513E-04  -1.6007283535E-02  -1.5489299555E-02  -8.2736451979E-03
    4     -6.2095270728E-02  -5.1868742671E-02   5.2695282241E-03   3.6783596983E-03   1.6169133372E-03
    5     -5.0425377390E-02  -3.0120748068E-01   1.3290452619E-02   1.2179667716E-02   4.1564061781E-03
    6     -4.6544454664E-04  -2.8432638209E-04  -1.9311086359E-01   2.9968902073E-02   1.2911197690E-01
    7     -3.4937138330E-03  -7.9481966352E-05   2.9137939778E-02  -5.4122628453E-02  -2.6247118639E-02
    8     -1.7764331330E-02  -6.3769565586E-03   1.2653546614E-01  -2.6131080148E-02  -1.5639992586E-01
    9     -9.7150232543E-04  -1.2190446488E-05  -7.6982786624E-03   2.4840560582E-02  -3.9078700911E-03
   10      4.4766429912E-04  -1.4513085227E-04   1.6656272002E-03  -2.1376568772E-03   1.0497553236E-03
   11      1.8128396635E-04   2.4120389157E-04   4.4344127980E-03  -2.1205223444E-02   2.9892627579E-03
   12      9.6509603063E-04   4.6427942680E-06  -2.5480601660E-04   1.3437441835E-03  -3.1484181178E-04
   13      4.4824448498E-04  -1.4863071675E-04   7.9015171555E-04  -5.3770619358E-03  -1.4460646615E-04
   14      1.8649597708E-04   2.4846260686E-04   5.6846170373E-04   3.8260824704E-04   4.3612121715E-04
   15      1.9308844532E-03   1.0524436735E-03  -6.8084205307E-04  -1.0566683168E-04  -5.9138883681E-04
   16     -1.6060989649E-03  -1.1724449489E-03   2.1785884176E-04   5.9666171419E-04   2.5581278207E-04
   17     -8.0465036920E-04   1.1853002700E-03   3.9530409524E-05  -7.6043733276E-06  -6.1733968678E-05
   18     -5.4634502214E-04   2.4103666956E-04  -7.0491586891E-04  -4.7066824108E-04  -1.7738263351E-04
   19      1.3455256557E-03   3.2939893233E-04   4.6669055458E-04   5.3559114936E-04   1.2586316340E-04
   20      2.0063123906E-04   1.6035008269E-03   1.7096583983E-04   1.2262847573E-04   9.5621558806E-06
   21     -8.5423233138E-05   4.4670022776E-05  -1.0134817801E-03  -6.9115901275E-04   1.8232777873E-04
   22      6.9852458803E-03  -3.6638649154E-03  -5.6695729254E-04  -7.0132324628E-04  -1.5956028099E-04
   23      2.8309703807E-02  -1.5863610738E-02  -1.3711635334E-04   1.1452125423E-04   6.6643139974E-05
   24     -1.5920456709E-04  -7.8699435050E-04   1.2760689886E-03   9.2531478583E-04  -2.5959305589E-04
   25      6.2176695804E-02   5.7978640949E-02   5.4637125025E-04   1.3466594747E-03   2.0061078309E-04
   26      5.7978640949E-02   3.2389051985E-01  -2.4448747848E-04   3.3417920686E-04   1.5993521836E-03
   27      5.4637125025E-04  -2.4448747848E-04   2.1274209316E-01  -3.3983911169E-02  -1.3684837572E-01
   28      1.3466594747E-03   3.3417920686E-04  -3.3983911169E-02   5.7228499556E-02   2.9380938833E-02
   29      2.0061078309E-04   1.5993521836E-03  -1.3684837572E-01   2.9380938833E-02   1.6780913168E-01
   30     -1.9293136335E-03  -1.0688499546E-03   8.3022239238E-03  -4.8795673777E-03   2.3252917291E-02
   31     -1.6157970962E-03  -1.1961371897E-03  -1.9022978403E-03   1.2209664811E-03  -4.7952817501E-03
   32     -8.1861507081E-04   1.1726531249E-03  -6.9054622852E-03   4.0460253394E-03  -2.1042843896E-02
   33      4.0096128796E-05   2.7712327900E-06   2.2123573381E-04  -1.0273070838E-03   3.4686935452E-04
   34     -2.2991764862E-04  -1.6798036630E-04   3.8035965435E-04   6.1906214360E-04  -5.2609161256E-04
   35      2.3483872881E-04  -1.4594660759E-04  -2.2607993976E-04   3.4469481103E-04   7.8843385853E-05
   36     -3.8853013487E-05  -1.1919444369E-05  -4.2692205120E-04   1.1785407204E-03  -2.1877977265E-04
   37     -2.2437685198E-04  -1.5296738556E-04   1.9831920925E-04   2.5053547306E-04   8.2589375042E-05
   38      2.3561298458E-04  -1.2504345902E-04  -6.3860370940E-04   2.0979873253E-03  -2.3526128362E-04
                   30                 31                 32                 33                 34        
    0     -5.6596398011E-04  -2.4985036646E-04  -1.0873969914E-03  -4.7255175308E-03   1.4106653493E-03
    1      2.8281385626E-04  -1.8491675967E-04  -4.9779412530E-04   8.1995650273E-04  -2.9508169530E-04
    2     -1.5485345666E-03   7.0340962781E-04  -1.2390276544E-04  -5.9623627673E-04  -3.1188509214E-05
    3     -5.8409019409E-03  -6.1461608902E-03  -3.9846275186E-04  -1.6440557793E-03   1.5358453785E-03
    4      3.9135913096E-03   1.3162482803E-03   1.7518006874E-04   3.4121264425E-03  -3.5536121247E-03
    5     -2.2387762205E-02  -2.0093263938E-02  -5.0418202627E-03  -4.5264211851E-04   1.3430748267E-03
    6     -7.5648561069E-02   1.4685280387E-02  -7.6753162850E-02   1.0385844841E-02  -1.6471604221E-02
    7      1.2371851984E-02  -5.2134714750E-02   3.9161672564E-02   1.0707366282E-02  -1.0111508842E-02
    8     -7.7301512740E-02   4.3972912195E-02  -2.6401192135E-01   5.7591213618E-04  -9.6283362226E-04
    9     -5.9532745684E-03   1.4192728353E-02  -1.1460073530E-03  -1.5021526075E-01  -1.3623815835E-01
   10      4.6746859773E-03  -6.4431959288E-03   2.1054811074E-03  -1.3085307529E-01  -2.5026611202E-01
   11     -9.9450871254E-03   2.9106701832E-02   1.4757151063E-03   5.7044310283E-04   4.0754052278E-03
   12      5.7342423070E-05  -3.7261325736E-04   1.4130834033E-03  -8.8407248178E-03   5.4958698783E-03
   13      1.5550864043E-03  -3.6130696159E-03   6.6145674755E-04  -2.8122106709E-02   5.0844617652E-03
   14     -5.5224473740E-04   2.5707269518E-04   9.3459812880E-04   7.4624766043E-04  -4.8969536071E-05
   15      4.0685368638E-05   3.4271013298E-05  -3.7232770140E-04  -2.7142037163E-04  -1.4088564106E-04
   16     -3.5816861814E-05   8.2428241283E-05   1.7269106923E-04  -5.3687695069E-04   7.8006236825E-05
   17      3.7396950667E-04   1.7334245049E-04  -3.8848721474E-04   1.5581356938E-05   6.2497343415E-05
   18     -6.8430846628E-04  -2.1668315350E-04  -4.1956630392E-05  -4.3247797230E-04  -1.6317069507E-04
   19      1.0484057130E-04   5.9638240442E-04  -9.1106764742E-06  -1.1896296812E-03   2.5465750076E-04
   20      5.9012644935E-04   2.5955803974E-04  -5.8763091272E-05   2.1748431739E-04   1.0990474008E-04
   21      1.6554730405E-03   9.7994061730E-04   8.8225939928E-05   8.1428838315E-04  -1.1074029798E-03
   22      4.2574449909E-04   1.0920482301E-03  -4.3068709953E-04   4.0025296004E-04  -7.3023004518E-04
   23      4.2951293166E-04   1.7885359485E-05   1.1263929578E-03   2.1736428171E-04  -5.0086974383E-04
   24     -3.2389679717E-03  -4.2282615316E-03  -1.3405247521E-03   1.4727188422E-04  -1.9950206672E-04
   25     -1.9293136335E-03  -1.6157970962E-03  -8.1861507081E-04   4.0096128796E-05  -2.2991764862E-04
   26     -1.0688499546E-03  -1.1961371897E-03   1.1726531249E-03   2.7712327900E-06  -1.6798036630E-04
   27      8.3022239238E-03  -1.9022978403E-03  -6.9054622852E-03   2.2123573381E-04   3.8035965435E-04
   28     -4.8795673777E-03   1.2209664811E-03   4.0460253394E-03  -1.0273070838E-03   6.1906214360E-04
   29      2.3252917291E-02  -4.7952817501E-03  -2.1042843896E-02   3.4686935452E-04  -5.2609161256E-04
   30      8.2176843771E-02  -1.6817748285E-02   8.6997304556E-02  -2.3138853098E-05   1.7771712593E-04
   31     -1.6817748285E-02   5.9800999735E-02  -4.5241916842E-02  -4.9822092421E-04  -1.8502664689E-04
   32      8.6997304556E-02  -4.5241916842E-02   2.8628978540E-01  -4.2279678610E-04   5.7416810666E-04
   33     -2.3138853098E-05  -4.9822092421E-04  -4.2279678610E-04   1.5360276935E-01   1.4608832195E-01
   34      1.7771712593E-04  -1.8502664689E-04   5.7416810666E-04   1.4608832195E-01   2.5885886006E-01
   35     -5.9360523010E-05  -6.1471872151E-04  -2.5215052444E-04  -1.2819418457E-03  -3.7167111910E-03
   36     -2.7745167716E-04   5.4456983592E-04  -3.3435727487E-05   9.8118588766E-04  -7.6284814819E-04
   37      1.5116047275E-04   6.7647424760E-05   9.7444876874E-05   7.5388914574E-04   4.7644131855E-04
   38      1.2224410476E-03  -2.5455598236E-03  -7.9255611038E-05   5.7978600529E-05  -2.1358332337E-04
                   35                 36                 37                 38        
     0      3.4802581239E-04   1.0354074315E-02   1.6520896533E-02  -1.2926748182E-03
     1      4.1584744906E-05  -1.0693065231E-02  -1.0099495422E-02   6.1646205126E-04
     2      1.1801484224E-02  -5.4486033550E-04  -8.7900868922E-04   1.2135032378E-03
     3     -8.7973104134E-05  -1.6232750543E-03  -1.5433289864E-03   6.5002089961E-05
     4     -8.1043704968E-05  -3.4065228526E-03  -3.6307952302E-03  -1.0247825000E-04
     5      1.6833934762E-03   4.0747010464E-04   1.3060683494E-03   1.6489982587E-03
     6      1.3768661526E-03  -4.7567992076E-03  -1.4174206210E-03  -4.6389488573E-04
     7      6.6431612732E-04  -8.0459134158E-04  -3.0070722773E-04   4.9144795115E-05
     8      1.2231892865E-03   5.0774101243E-04  -4.0370851706E-05   1.1788730909E-02
     9      2.0967980080E-04  -8.8823307112E-03  -5.5237996335E-03  -2.6835472293E-04
    10      3.5722038832E-03   2.8093588924E-02   5.1364958425E-03   6.0787344790E-04
    11     -3.6774085186E-02  -8.2611556678E-04  -6.9914650358E-05   4.3606579174E-03
    12      1.8037561144E-04  -1.5055374406E-01   1.3635992149E-01  -8.5412608926E-04
    13      4.3601013183E-04   1.3099615694E-01  -2.4989108666E-01   4.3542610325E-03
    14      4.3556385861E-03  -1.2288230809E-03   4.8693142405E-03  -3.6768905358E-02
    15     -1.2126718615E-03  -3.1407421884E-05  -1.9885301478E-04   6.0678762595E-05
    16     -2.5700943359E-03   5.0313146290E-04  -1.8670248973E-04  -5.9490649039E-04
    17     -7.3963827799E-05   4.3318835578E-04   6.1302595650E-04  -2.6160334488E-04
    18      6.6161727702E-04   2.3591748688E-04  -4.1358659283E-04   1.9676494431E-04
    19      2.1053948222E-03   1.0169031056E-03   6.2573933133E-04   3.4088614392E-04
    20     -2.0032686504E-04  -3.4225449837E-04  -5.5408231873E-04   4.7142838273E-05
    21     -2.1862411749E-04   8.2521778052E-04   1.1217581783E-03   2.2630604374E-04
    22     -2.3492113868E-04  -3.9539880994E-04  -7.0911000303E-04  -2.4968531901E-04
    23      1.2192497815E-04  -2.1371051185E-04  -5.0949145167E-04   1.2274301851E-04
    24      3.2054350341E-04   1.6025953171E-04   1.9977656613E-04  -3.2227806160E-04
    25      2.3483872881E-04  -3.8853013487E-05  -2.2437685198E-04   2.3561298458E-04
    26     -1.4594660759E-04  -1.1919444369E-05  -1.5296738556E-04  -1.2504345902E-04
    27     -2.2607993976E-04  -4.2692205120E-04   1.9831920925E-04  -6.3860370940E-04
    28      3.4469481103E-04   1.1785407204E-03   2.5053547306E-04   2.0979873253E-03
    29      7.8843385853E-05  -2.1877977265E-04   8.2589375042E-05  -2.3526128362E-04
    30     -5.9360523010E-05  -2.7745167716E-04   1.5116047275E-04   1.2224410476E-03
    31     -6.1471872151E-04   5.4456983592E-04   6.7647424760E-05  -2.5455598236E-03
    32     -2.5215052444E-04  -3.3435727487E-05   9.7444876874E-05  -7.9255611038E-05
    33     -1.2819418457E-03   9.8118588766E-04   7.5388914574E-04   5.7978600529E-05
    34     -3.7167111910E-03  -7.6284814819E-04   4.7644131855E-04  -2.1358332337E-04
    35      2.3926541282E-02  -7.4917822953E-06  -1.7837649722E-04  -5.7445422078E-03
    36     -7.4917822953E-06   1.5399527518E-01  -1.4622017217E-01   2.0448760229E-03
    37     -1.7837649722E-04  -1.4622017217E-01   2.5848541449E-01  -4.5901227640E-03
    38     -5.7445422078E-03   2.0448760229E-03  -4.5901227640E-03   2.4032835085E-02

$vibrational_frequencies
39
    0        0.0000000000000000
    1        0.0000000000000000
    2        0.0000000000000000
    3        0.0000000000000000
    4        0.0000000000000000
    5        0.0000000000000000
    6      163.5075775707793184
    7      393.5832852067819658
    8      602.2406040149328419
    9      718.2944059836250972
   10      781.2710905041658407
   11      834.4878223562042194
   12      898.0837294606816386
   13      920.3289983081945138
   14      927.5633327467145364
   15      973.7814174981557471
   16      984.6081318501214810
   17     1049.3555230662930171
   18     1077.0778842136435287
   19     1132.1675101151054150
   20     1157.3882571248766453
   21     1231.3409262729380771
   22     1244.1167546568674425
   23     1316.4831078412767056
   24     1332.9572935044129736
   25     1338.0525292599954810
   26     1390.6165513108539926
   27     1492.1892116641715802
   28     1499.0995588905439035
   29     1517.3762749936286127
   30     1671.7616722904172093
   31     3029.5245242514424717
   32     3031.5664269773910746
   33     3063.4568342989291523
   34     3085.0367685298069773
   35     3088.9710620714831748
   36     3120.9637347837647212
   37     3193.2232363141461065
   38     3218.3120095115509685

$normal_modes
39 39
                    0                  1                  2                  3                  4        
    0      0.0000000000E+00   0.0000000000E+00   0.0000000000E+00   0.0000000000E+00   0.0000000000E+00
    1      0.0000000000E+00   0.0000000000E+00   0.0000000000E+00   0.0000000000E+00   0.0000000000E+00
    2      0.0000000000E+00   0.0000000000E+00   0.0000000000E+00   0.0000000000E+00   0.0000000000E+00
    3      0.0000000000E+00   0.0000000000E+00   0.0000000000E+00   0.0000000000E+00   0.0000000000E+00
    4      0.0000000000E+00   0.0000000000E+00   0.0000000000E+00   0.0000000000E+00   0.0000000000E+00
    5      0.0000000000E+00   0.0000000000E+00   0.0000000000E+00   0.0000000000E+00   0.0000000000E+00
    6      0.0000000000E+00   0.0000000000E+00   0.0000000000E+00   0.0000000000E+00   0.0000000000E+00
    7      0.0000000000E+00   0.0000000000E+00   0.0000000000E+00   0.0000000000E+00   0.0000000000E+00
    8      0.0000000000E+00   0.0000000000E+00   0.0000000000E+00   0.0000000000E+00   0.0000000000E+00
    9      0.0000000000E+00   0.0000000000E+00   0.0000000000E+00   0.0000000000E+00   0.0000000000E+00
   10      0.0000000000E+00   0.0000000000E+00   0.0000000000E+00   0.0000000000E+00   0.0000000000E+00
   11      0.0000000000E+00   0.0000000000E+00   0.0000000000E+00   0.0000000000E+00   0.0000000000E+00
   12      0.0000000000E+00   0.0000000000E+00   0.0000000000E+00   0.0000000000E+00   0.0000000000E+00
   13      0.0000000000E+00   0.0000000000E+00   0.0000000000E+00   0.0000000000E+00   0.0000000000E+00
   14      0.0000000000E+00   0.0000000000E+00   0.0000000000E+00   0.0000000000E+00   0.0000000000E+00
   15      0.0000000000E+00   0.0000000000E+00   0.0000000000E+00   0.0000000000E+00   0.0000000000E+00
   16      0.0000000000E+00   0.0000000000E+00   0.0000000000E+00   0.0000000000E+00   0.0000000000E+00
   17      0.0000000000E+00   0.0000000000E+00   0.0000000000E+00   0.0000000000E+00   0.0000000000E+00
   18      0.0000000000E+00   0.0000000000E+00   0.0000000000E+00   0.0000000000E+00   0.0000000000E+00
   19      0.0000000000E+00   0.0000000000E+00   0.0000000000E+00   0.0000000000E+00   0.0000000000E+00
   20      0.0000000000E+00   0.0000000000E+00   0.0000000000E+00   0.0000000000E+00   0.0000000000E+00
   21      0.0000000000E+00   0.0000000000E+00   0.0000000000E+00   0.0000000000E+00   0.0000000000E+00
   22      0.0000000000E+00   0.0000000000E+00   0.0000000000E+00   0.0000000000E+00   0.0000000000E+00
   23      0.0000000000E+00   0.0000000000E+00   0.0000000000E+00   0.0000000000E+00   0.0000000000E+00
   24      0.0000000000E+00   0.0000000000E+00   0.0000000000E+00   0.0000000000E+00   0.0000000000E+00
   25      0.0000000000E+00   0.0000000000E+00   0.0000000000E+00   0.0000000000E+00   0.0000000000E+00
   26      0.0000000000E+00   0.0000000000E+00   0.0000000000E+00   0.0000000000E+00   0.0000000000E+00
   27      0.0000000000E+00   0.0000000000E+00   0.0000000000E+00   0.0000000000E+00   0.0000000000E+00
   28      0.0000000000E+00   0.0000000000E+00   0.0000000000E+00   0.0000000000E+00   0.0000000000E+00
   29      0.0000000000E+00   0.0000000000E+00   0.0000000000E+00   0.0000000000E+00   0.0000000000E+00
   30      0.0000000000E+00   0.0000000000E+00   0.0000000000E+00   0.0000000000E+00   0.0000000000E+00
   31      0.0000000000E+00   0.0000000000E+00   0.0000000000E+00   0.0000000000E+00   0.0000000000E+00
   32      0.0000000000E+00   0.0000000000E+00   0.0000000000E+00   0.0000000000E+00   0.0000000000E+00
   33      0.0000000000E+00   0.0000000000E+00   0.0000000000E+00   0.0000000000E+00   0.0000000000E+00
   34      0.0000000000E+00   0.0000000000E+00   0.0000000000E+00   0.0000000000E+00   0.0000000000E+00
   35      0.0000000000E+00   0.0000000000E+00   0.0000000000E+00   0.0000000000E+00   0.0000000000E+00
   36      0.0000000000E+00   0.0000000000E+00   0.0000000000E+00   0.0000000000E+00   0.0000000000E+00
   37      0.0000000000E+00   0.0000000000E+00   0.0000000000E+00   0.0000000000E+00   0.0000000000E+00
   38      0.0000000000E+00   0.0000000000E+00   0.0000000000E+00   0.0000000000E+00   0.0000000000E+00
                    5                  6                  7                  8                  9        
    0      0.0000000000E+00  -3.4426207208E-02  -1.3093642341E-02  -1.0831247394E-01  -6.1189998557E-02
    1      0.0000000000E+00   1.7713414160E-02  -5.5158613458E-03  -6.4155006108E-03   2.7335917178E-03
    2      0.0000000000E+00  -1.1345565514E-01  -5.4074991964E-02   3.5659222394E-02  -1.5123998476E-02
    3      0.0000000000E+00  -3.3315282691E-04   2.0423891702E-02  -2.5639692297E-04  -2.0119711226E-04
    4      0.0000000000E+00  -4.3749242753E-02   9.2342990673E-06   1.2290054176E-01   7.5671495136E-02
    5      0.0000000000E+00   1.2437544168E-01   2.1973844531E-04   5.1329843370E-02   4.3877431217E-02
    6      0.0000000000E+00   3.5048964951E-02  -1.3160014520E-02   1.0817964742E-01   6.1253889314E-02
    7      0.0000000000E+00   1.7766650716E-02   5.5247195838E-03  -6.2693656955E-03   2.8633075737E-03
    8      0.0000000000E+00  -1.1342016472E-01   5.3744504250E-02   3.6218105407E-02  -1.4862898070E-02
    9      0.0000000000E+00  -1.5663950050E-03   1.0029792164E-02   4.8415254361E-03   4.8972419770E-03
   10      0.0000000000E+00   7.8281359703E-03  -3.3185357691E-04  -6.8899091896E-02  -5.0456364959E-02
   11      0.0000000000E+00   5.9959393615E-02  -2.1107734006E-01   2.4899241635E-03  -6.8118266307E-02
   12      0.0000000000E+00   1.2203809889E-03   8.8319342938E-03  -4.7914442849E-03  -4.3281362210E-03
   13      0.0000000000E+00   7.8256954028E-03   3.2219511424E-04  -6.8899354467E-02  -5.0603040459E-02
   14      0.0000000000E+00   5.9580136796E-02   2.1147273999E-01   2.0549590451E-03  -6.7532113264E-02
   15      0.0000000000E+00  -3.0225361064E-01  -2.7093421277E-01  -3.7393013936E-01   1.5890624162E-02
