
$orca_hessian_file

$act_atom
  0

$act_coord
  0

$act_energy
     -270.646094

$multiplicity
  1

$hessian
45
                    0                  1                  2                  3                  4        
    0      5.4709328210E-01  -8.8052695858E-02   4.1034878377E-02  -1.9922952429E-01   2.3077225006E-01
    1     -8.8052695858E-02   9.3044466368E-01   2.6181534821E-02   2.1725820197E-01  -4.8297569044E-01
    2      4.1034878377E-02   2.6181534821E-02   1.4424727462E-01  -3.9789044590E-03   4.3321198759E-03
    3     -1.9922952429E-01   2.1725820197E-01  -3.9789044590E-03   4.5903109985E-01  -1.5855494284E-01
    4      2.3077225006E-01  -4.8297569044E-01   4.3321198759E-03  -1.5855494284E-01   7.1737448734E-01
    5      4.7186030271E-05   8.4638486358E-04  -4.8601607254E-02   3.1590920228E-02   1.9688775645E-02
    6     -9.9036014213E-02  -1.0888562764E-01  -1.0854226191E-02   9.8622590782E-03   1.8603923016E-02
    7     -1.0345270612E-01  -3.0020810544E-01  -1.9935988738E-02  -1.3904511754E-02  -1.6220757242E-02
    8     -1.0597750855E-02  -2.1152508967E-02  -4.0314042655E-02  -2.4247751508E-04   9.3792137208E-04
    9      7.8541589601E-03   4.7530836420E-03  -2.5693784243E-04  -9.7400507584E-02  -6.7417114336E-02
   10     -1.0624479716E-02  -3.9219219543E-02  -8.4078348778E-03  -6.1404184109E-02  -1.6206509716E-01
   11     -2.7584217688E-03  -3.2426065284E-04   4.4408963780E-03  -1.0333343654E-02  -1.8769346641E-02
   12     -3.9991413654E-02   8.2157071240E-03  -2.0073290871E-03   5.9650204990E-02  -2.6878443897E-02
   13      1.5858212493E-02   3.7458236228E-04   2.1330439896E-03   5.5051344256E-03  -3.1728305713E-02
   14      3.1221511825E-03  -3.3339496704E-03   5.7331873253E-03  -3.1544852553E-02   7.8423918516E-03
   15     -8.5621369783E-03  -3.0751104359E-02   4.3591070595E-03  -4.2072884938E-02  -9.1230374204E-03
   16     -1.5871208662E-02  -2.2105183415E-02  -1.4766896977E-03  -1.3325120459E-02   6.7326019477E-03
   17     -3.1437751069E-03  -6.9550960040E-03   7.1401642948E-04  -4.3509331018E-03  -6.2207400242E-04
   18     -2.2737269515E-03  -3.2167412163E-03  -1.0231954611E-03   5.5068756909E-03  -1.4762168746E-02
   19     -2.3454292576E-03  -2.8628596104E-03   2.3394183250E-04   6.4892373061E-03  -1.9225734818E-02
   20      1.2697441256E-04  -1.0157553815E-03   2.2676854889E-04   2.1504367269E-03  -4.9874217692E-03
   21     -2.1396702641E-03  -9.8431286546E-04  -2.8641180103E-04   4.1317344965E-03  -8.4781459722E-03
   22     -2.8630408885E-03  -1.3606998448E-03  -1.1855663589E-03   2.9222466081E-03  -1.4499287955E-02
   23     -1.8725145001E-03   7.0713838505E-04   8.0496399107E-04   4.4545824064E-05  -4.3521932778E-03
   24     -1.8796638859E-01  -1.7823598018E-02  -1.4408435071E-02  -4.1106087269E-02   1.6554614233E-02
   25     -2.2150700127E-02  -8.3900298375E-02  -3.7926739428E-03   2.1306050290E-02   1.9075191088E-03
   26     -1.3664966238E-02  -4.5862665191E-03  -6.9866766562E-02  -5.7571386064E-03   4.5731830612E-03
   27      4.4923804154E-04  -5.0807768724E-04  -2.6507250155E-04   5.0901528386E-04   1.8006602216E-03
   28      1.2393161342E-03  -1.2388483078E-03   2.9759720216E-04   2.0273861682E-05  -4.2357694655E-04
   29      2.3532411594E-04   5.1508713397E-04   1.8560412922E-04  -2.2620333965E-04  -4.2145599871E-05
   30     -2.6626362926E-04  -7.8372984300E-04   9.3244693570E-06  -3.5192399675E-03   1.6652083112E-03
   31     -2.2237448780E-04  -6.0029469414E-03   3.8617990084E-04   1.3998148739E-03  -1.4864749395E-03
   32      2.7039705374E-04   2.2238399921E-03   4.2079352145E-04   1.3985043071E-03  -9.7368525614E-05
   33     -1.9303928027E-02   1.8043650534E-02   1.9169909660E-02  -2.9602990297E-03  -2.0659841575E-03
   34     -3.8562693282E-03   5.7345350062E-03   7.3611338406E-03  -1.9371095270E-03  -6.9031357175E-04
   35     -4.5284782718E-03   3.7481468847E-03   4.6924385059E-03  -4.8315499559E-04   3.3178062518E-06
   36     -1.3365356767E-02   9.4031403196E-03  -2.9539974773E-02  -1.8400915204E-03  -1.7843050717E-03
   37     -3.6668347071E-04   2.6960301564E-03  -6.7408439895E-03  -3.4949823117E-04   2.5563265614E-04
   38     -3.4734603490E-03   5.0547521774E-04  -1.7523602994E-03  -2.3271377367E-04  -1.4406276316E-03
   39      1.4708708454E-02  -4.8851196448E-03  -1.2381063866E-03  -1.4693877191E-01   1.7765434884E-02
   40      5.2957931976E-04   1.4638829003E-05   5.4560896609E-04  -1.7907958609E-03   2.2044896164E-03
   41     -2.8315914493E-03   3.6569953818E-03  -1.8465410745E-03   1.8070789814E-02  -5.5390303508E-03
   42      2.0290358099E-03  -2.1961657753E-03  -6.3185745952E-04  -3.6237828772E-03   2.0498951412E-03
   43      1.8196192257E-03   6.0940188526E-04  -3.4101139661E-05  -3.7826399718E-03   8.4050811464E-04
   44     -2.0487211665E-03  -9.1422716886E-04   9.1537439975E-04   4.8080199591E-03  -1.3477136855E-03
                    5                  6                  7                  8                  9        
    0      4.7186030271E-05  -9.9036014213E-02  -1.0345270612E-01  -1.0597750855E-02   7.8541589601E-03
    1      8.4638486358E-04  -1.0888562764E-01  -3.0020810544E-01  -2.1152508967E-02   4.7530836420E-03
    2     -4.8601607254E-02  -1.0854226191E-02  -1.9935988738E-02  -4.0314042655E-02  -2.5693784243E-04
    3      3.1590920228E-02   9.8622590782E-03  -1.3904511754E-02  -2.4247751508E-04  -9.7400507584E-02
    4      1.9688775645E-02   1.8603923016E-02  -1.6220757242E-02   9.3792137208E-04  -6.7417114336E-02
    5      1.2792031667E-01   1.4281327922E-03  -2.3124654744E-03   4.2798177530E-03  -1.1663579802E-02
    6      1.4281327922E-03   9.6466079961E-02   1.1229574529E-01   1.1403306666E-02  -2.3292887074E-03
    7     -2.3124654744E-03   1.1229574529E-01   3.1607943943E-01   2.2285358372E-02   2.3383948996E-03
    8      4.2798177530E-03   1.1403306666E-02   2.2285358372E-02   2.5360016214E-02  -6.0279186581E-04
    9     -1.1663579802E-02  -2.3292887074E-03   2.3383948996E-03  -6.0279186581E-04   3.9191530592E-01
   10     -1.3118462095E-02   2.9758577535E-03  -2.3130363280E-03  -4.8632468451E-04  -3.8462800127E-02
   11     -6.9469141124E-02  -1.2755958337E-03   1.6012011928E-04   1.0712393881E-02   4.1531603243E-03
   12      7.0419196025E-05   9.3599542860E-04  -7.3202297786E-04   1.5178762123E-03  -1.6510729701E-02
   13      2.6563635640E-03   9.5520810065E-06   3.7636329556E-04   4.9928572710E-04  -1.3315962333E-02
   14     -3.6727905314E-02   1.2248776105E-04   1.3296001739E-04  -3.3399521423E-03  -6.1429902086E-04
   15     -8.9014140785E-04  -5.0250833831E-03   1.4732407038E-03  -5.9202020382E-04  -1.4755071313E-01
   16      3.1826514445E-03  -5.0093730086E-04   7.1865995108E-04   1.3313236379E-04   2.8475464711E-02
   17      1.0458390371E-03  -1.6889309707E-03  -1.5332990351E-04   1.8961357843E-03   1.5446541255E-02
   18      1.4982906025E-02   6.8938216273E-04  -3.4212638778E-04  -1.1723459775E-03  -5.9776597204E-02
   19      1.4789189349E-02   6.7875007349E-04  -6.8132656022E-04  -1.4036047594E-03   4.2934710015E-02
   20      5.3668577386E-03   9.8796880994E-05  -3.0462134797E-04  -4.0516525612E-04  -3.8928431487E-02
   21     -1.9019172967E-02   1.3373048986E-04  -2.4825017544E-04   1.3084816436E-03  -4.9322715641E-02
   22     -2.4391763217E-02   9.6680133318E-05  -3.8449064206E-04   2.2733028927E-03   1.3089870687E-02
   23     -1.3999997410E-03   2.0145452516E-04  -3.8257812947E-04   5.5985548324E-06   2.9051685431E-02
   24     -9.0412680539E-03  -2.1263334253E-03   2.7955966529E-03   1.2839503388E-04  -3.4410485476E-03
   25      2.7518411871E-03  -2.3854444999E-02   2.8154632983E-03  -2.9379891730E-03   1.1695011805E-02
   26      8.0276040339E-03  -2.3021973025E-04  -2.5298020737E-04   2.8915639438E-03  -1.2672385822E-03
   27      3.1116927307E-04  -5.8352674307E-05   1.2040733732E-04  -1.0073415857E-04  -1.0698963690E-02
   28     -7.7558416289E-04  -3.7080551714E-04   2.1405703662E-04  -4.5635185873E-04   6.5176662658E-03
   29      2.9597991425E-04   2.5840781339E-04   4.8049597760E-04  -1.3608691553E-04   2.5062848189E-04
   30      3.0109668241E-04  -4.8311234108E-05   3.0943064053E-05   7.6173649541E-05  -1.7474339746E-02
   31     -3.6255824459E-04  -1.6206843947E-03   1.2738143404E-04   2.5341379618E-04   9.9087804631E-03
   32      5.6510096014E-04   4.3317404192E-04  -8.0453434858E-06   2.3327671333E-04   6.0048673270E-03
   33     -4.1799118864E-04   9.4093177054E-04  -7.0282272389E-04  -5.6814496773E-04  -4.1732252236E-04
   34     -7.0719789711E-04   8.3674349263E-04   2.2810533548E-04  -1.3431170766E-05  -1.4091971627E-03
   35      4.9283322254E-04   6.3785949516E-04   1.4666613553E-04  -2.7151518129E-04  -3.4665495744E-04
   36     -5.1991984972E-04   4.7703174184E-05  -6.6143900903E-04   1.1287201171E-03  -2.1708374264E-04
   37      3.1953225272E-04  -1.7291525873E-04  -3.0847495747E-04   4.9920898781E-04   2.4644465684E-04
   38      1.6498806549E-03  -7.4287583616E-04   1.5189245021E-05  -7.2358601146E-05  -5.6063927070E-04
   39     -8.9229098813E-03   3.2589446662E-04   4.2017397344E-04  -1.0809114584E-03   5.5080082388E-03
   40     -1.0374428926E-03  -4.3805814787E-04   1.6512168663E-04   4.3973793357E-04  -4.0476496582E-05
   41      5.9153604502E-03   3.8531808597E-05   9.7071461359E-04  -1.1861085027E-03  -2.1067678104E-06
   42      8.2965806150E-04  -7.7859289424E-04   8.6952649412E-04   9.4878021947E-05  -1.3816290430E-04
   43     -1.7090524514E-03   4.6072147523E-05  -6.0840029471E-04  -1.1535916078E-03   3.5262603569E-04
   44      6.3906299407E-04  -5.3095756481E-04  -5.5905456081E-04   3.4642641026E-04  -1.7278974411E-03
                   10                 11                 12                 13                 14        
    0     -1.0624479716E-02  -2.7584217688E-03  -3.9991413654E-02   1.5858212493E-02   3.1221511825E-03
    1     -3.9219219543E-02  -3.2426065284E-04   8.2157071240E-03   3.7458236228E-04  -3.3339496704E-03
    2     -8.4078348778E-03   4.4408963780E-03  -2.0073290871E-03   2.1330439896E-03   5.7331873253E-03
    3     -6.1404184109E-02  -1.0333343654E-02   5.9650204990E-02   5.5051344256E-03  -3.1544852553E-02
    4     -1.6206509716E-01  -1.8769346641E-02  -2.6878443897E-02  -3.1728305713E-02   7.8423918516E-03
    5     -1.3118462095E-02  -6.9469141124E-02   7.0419196025E-05   2.6563635640E-03  -3.6727905314E-02
    6      2.9758577535E-03  -1.2755958337E-03   9.3599542860E-04   9.5520810065E-06   1.2248776105E-04
    7     -2.3130363280E-03   1.6012011928E-04  -7.3202297786E-04   3.7636329556E-04   1.3296001739E-04
    8     -4.8632468451E-04   1.0712393881E-02   1.5178762123E-03   4.9928572710E-04  -3.3399521423E-03
    9     -3.8462800127E-02   4.1531603243E-03  -1.6510729701E-02  -1.3315962333E-02  -6.1429902086E-04
   10      5.6813647701E-01  -2.1579328662E-02   1.9101609604E-02   1.6335758479E-03  -1.7672388468E-03
   11     -2.1579328662E-02   5.6887448036E-01   3.8322728616E-03  -1.6812688449E-03   2.7095190425E-03
   12      1.9101609604E-02   3.8322728616E-03  -9.4077992564E-02  -3.5729929817E-03   1.3964306397E-02
   13      1.6335758479E-03  -1.6812688449E-03  -3.5729929817E-03   4.2199111425E-02  -8.6156318881E-03
   14     -1.7672388468E-03   2.7095190425E-03   1.3964306397E-02  -8.6156318881E-03   4.6232630670E-02
   15      3.3106750920E-02   1.5698337225E-02  -6.4822231759E-04  -1.6436903934E-03   1.0090258403E-04
   16     -8.2345142239E-02  -9.6993801799E-04  -3.5531372559E-03  -1.9649133266E-03   2.9961241120E-04
   17     -6.1838106709E-03  -8.0148337623E-02  -3.7885706560E-03  -3.8005757444E-04   1.1813748678E-03
   18      4.3318239719E-02  -3.8798489202E-02   6.4938249369E-04   4.3154885126E-04  -2.1770063241E-04
   19     -1.8894089430E-01   1.2621968100E-01  -2.4745289563E-04   2.2519721993E-04  -4.2567010030E-04
   20      1.2851657311E-01  -1.5942019280E-01   3.3755023367E-04   5.9610816091E-04   3.3647154332E-04
   21      1.1161225393E-02   2.5831497658E-02  -8.2038207898E-04   9.9742918602E-05   4.0593362128E-04
   22     -7.4644366495E-02  -8.1281634093E-02  -6.2957581538E-04  -1.9049070619E-04   1.8062949313E-04
   23     -7.8108789189E-02  -2.7199636288E-01  -7.1504227171E-04  -5.1385872424E-04  -4.7553763614E-04
   24      2.4246323724E-02  -5.9586741565E-03   1.4439747106E-03   1.8659468401E-03  -5.3026695401E-04
   25     -2.1509449899E-02   2.2517091880E-03   3.2040907919E-03  -1.9380880322E-03  -2.3685660308E-04
   26     -7.3837088474E-03  -3.0831962904E-03  -2.1438927415E-03  -7.4974270476E-04   5.8253474018E-03
   27     -2.3352638262E-03   2.8997243272E-02  -1.1921770153E-03  -9.6098504232E-05  -1.1640894509E-04
   28      1.2599912255E-04  -1.3237828428E-02   9.5969864932E-05  -3.0499206908E-05  -4.1114436588E-05
   29     -1.3460186658E-04  -4.1736790969E-03   3.8311437895E-04  -3.1562153181E-05   1.8856148796E-04
   30     -1.2574924304E-02  -1.6083479555E-02  -1.8740849145E-03  -6.9431839665E-04   2.6003585969E-04
   31      6.1493053582E-03   7.4966825133E-03   9.1602492738E-04   1.5650909315E-04  -2.3516571781E-04
   32      2.6402984936E-03   3.1768402354E-03   8.8391268483E-04   2.6221741335E-05  -7.1687939965E-05
   33     -7.1598990531E-04   1.0377998437E-03  -1.3479457555E-03   8.4986503535E-04  -8.3534402466E-04
   34     -4.7107618014E-03  -2.7805246506E-04   3.0874396796E-05   1.4096020649E-04  -2.5139061871E-04
   35      2.3868021307E-03   7.2495621352E-05  -5.9496469323E-04  -1.0519071187E-04  -1.6327533543E-04
   36     -1.8837621198E-04  -8.0548467918E-04  -2.3358647577E-03   1.2315544016E-04   1.5831399589E-03
   37     -1.1944628334E-03   1.0567167648E-03  -1.3851003804E-04   1.8396330245E-04   2.6636751232E-04
   38      8.4377843133E-04  -8.0253114551E-04  -1.4517358743E-04   2.9228405111E-05   1.6238030559E-04
   39     -6.6890860199E-03  -2.8307907321E-03   9.9940840331E-02   2.5224098234E-03  -5.1940719129E-03
   40      2.0164054193E-03   6.3112654370E-04  -1.5571664621E-03  -1.0574124103E-02   5.1983705876E-03
   41      6.8794462569E-04  -1.5226750673E-03  -4.4964606832E-03   4.6798930495E-03  -1.8086472918E-02
   42     -5.8140561969E-04   3.5766261492E-04  -3.8215851955E-03  -7.6747593387E-03   1.9054444889E-02
   43     -1.1193321620E-03   9.6904188202E-04   5.4772796538E-03   1.1361583351E-03   7.7641049993E-04
   44      1.4312827415E-03   6.2949050622E-04  -6.6584764556E-03   1.6674434725E-03  -3.5046413583E-03
                   15                 16                 17                 18                 19        
    0     -8.5621369783E-03  -1.5871208662E-02  -3.1437751069E-03  -2.2737269515E-03  -2.3454292576E-03
    1     -3.0751104359E-02  -2.2105183415E-02  -6.9550960040E-03  -3.2167412163E-03  -2.8628596104E-03
    2      4.3591070595E-03  -1.4766896977E-03   7.1401642948E-04  -1.0231954611E-03   2.3394183250E-04
    3     -4.2072884938E-02  -1.3325120459E-02  -4.3509331018E-03   5.5068756909E-03   6.4892373061E-03
    4     -9.1230374204E-03   6.7326019477E-03  -6.2207400242E-04  -1.4762168746E-02  -1.9225734818E-02
    5     -8.9014140785E-04   3.1826514445E-03   1.0458390371E-03   1.4982906025E-02   1.4789189349E-02
    6     -5.0250833831E-03  -5.0093730086E-04  -1.6889309707E-03   6.8938216273E-04   6.7875007349E-04
    7      1.4732407038E-03   7.1865995108E-04  -1.5332990351E-04  -3.4212638778E-04  -6.8132656022E-04
    8     -5.9202020382E-04   1.3313236379E-04   1.8961357843E-03  -1.1723459775E-03  -1.4036047594E-03
    9     -1.4755071313E-01   2.8475464711E-02   1.5446541255E-02  -5.9776597204E-02   4.2934710015E-02
   10      3.3106750920E-02  -8.2345142239E-02  -6.1838106709E-03   4.3318239719E-02  -1.8894089430E-01
   11      1.5698337225E-02  -9.6993801799E-04  -8.0148337623E-02  -3.8798489202E-02   1.2621968100E-01
   12     -6.4822231759E-04  -3.5531372559E-03  -3.7885706560E-03   6.4938249369E-04  -2.4745289563E-04
   13     -1.6436903934E-03  -1.9649133266E-03  -3.8005757444E-04   4.3154885126E-04   2.2519721993E-04
   14      1.0090258403E-04   2.9961241120E-04   1.1813748678E-03  -2.1770063241E-04  -4.2567010030E-04
   15      5.1552444165E-01   8.2019042598E-02   2.6544327899E-02  -5.4961543901E-03   8.2236419045E-04
   16      8.2019042598E-02   4.4303116393E-01   1.6114049403E-02   2.2348860233E-02  -5.1579463505E-03
   17      2.6544327899E-02   1.6114049403E-02   5.9444216424E-01  -1.6459502767E-02   4.1422875037E-03
   18     -5.4961543901E-03   2.2348860233E-02  -1.6459502767E-02   6.2759206493E-02  -4.7345813708E-02
   19      8.2236419045E-04  -5.1579463505E-03   4.1422875037E-03  -4.7345813708E-02   2.0945793691E-01
   20      2.4850052494E-03  -6.2885249936E-03   3.0002275633E-03   3.9588536436E-02  -1.3717126598E-01
   21     -3.8815209020E-03   7.4006459592E-03   2.8405655256E-02   8.5582129729E-04  -2.0546679062E-03
   22     -5.1692465969E-04  -2.4175385729E-03  -7.7606841227E-03  -2.5110117924E-03   8.8267531697E-03
   23      1.7206342142E-04   7.7569031376E-04  -2.6664731468E-03   2.1667585825E-03  -7.2486230242E-03
   24     -7.2048863319E-02  -9.2176457841E-03   1.5392309736E-03  -4.8256852373E-03   6.1079960342E-04
   25     -5.5275662880E-03  -1.6661118453E-01   1.8561281217E-02   3.5703165287E-04  -1.0597710997E-03
   26      5.1381757620E-03   1.5022959175E-02  -8.2053404814E-02   4.2451083989E-04   6.2564648159E-04
   27     -6.4684332819E-02  -1.4488364332E-02   6.2575904800E-02   2.0871230987E-03  -3.8342425445E-04
   28     -1.4501888614E-02  -5.1698407915E-02   3.8876514164E-02  -4.5079992234E-04   8.0326806043E-04
   29      6.3593113571E-02   3.9378675418E-02  -2.9148853869E-01  -4.0749280376E-04  -2.3758544770E-05
   30     -1.6997609437E-01  -7.9163900123E-02  -1.0893549643E-01  -9.1658886919E-04   4.8070725185E-04
   31     -7.8524454871E-02  -9.6664621440E-02  -6.8063760607E-02   4.8361015356E-04   6.7136250363E-05
   32     -1.1058125783E-01  -7.1353260079E-02  -1.4552018185E-01  -6.9122946862E-05  -1.1350074267E-04
   33      3.8226884843E-03  -3.3034170573E-03  -4.1779484290E-03   2.2263410225E-04   1.1356263475E-04
   34      1.8733066888E-02  -1.4225953598E-02  -1.7774358636E-02   9.3943850025E-04  -2.3237944871E-04
   35     -5.2106287809E-03   5.3611945060E-03   2.8865400898E-03  -1.2530374833E-04   1.0709503271E-04
   36     -5.9414858968E-04  -2.3168993757E-03   5.3552332007E-03   1.9888651026E-04   2.5818805446E-04
   37      5.7568515428E-03  -7.0648523838E-03   2.9628406956E-02   8.2569397637E-04  -3.0606693878E-04
   38      4.1275764358E-04  -3.1946430000E-04  -2.5056666504E-03   9.8956854021E-06   3.8694390013E-05
   39      1.4191986234E-04   1.5564732003E-03   1.6121162362E-03   2.1422879326E-04  -2.7149329039E-04
   40      5.2231884423E-04  -2.8875536332E-04   6.0475676489E-05   8.5394796007E-04  -4.2804417526E-04
   41     -1.0999906931E-05   4.1731066587E-04   1.5765766084E-04  -1.1384443362E-04   2.7074868372E-04
   42      1.0511051450E-03   3.6249147978E-04   2.5944410056E-04   1.0521200985E-04   2.6535778583E-04
   43     -2.2673169138E-03   6.2073309270E-05   1.3247306771E-04  -9.3510487741E-04  -4.8526831044E-04
   44     -4.1203854471E-04   1.0028492005E-04  -9.4135290198E-04   3.9571240075E-04  -1.6994053353E-04
                   20                 21                 22                 23                 24        
    0      1.2697441256E-04  -2.1396702641E-03  -2.8630408885E-03  -1.8725145001E-03  -1.8796638859E-01
    1     -1.0157553815E-03  -9.8431286546E-04  -1.3606998448E-03   7.0713838505E-04  -1.7823598018E-02
    2      2.2676854889E-04  -2.8641180103E-04  -1.1855663589E-03   8.0496399107E-04  -1.4408435071E-02
    3      2.1504367269E-03   4.1317344965E-03   2.9222466081E-03   4.4545824064E-05  -4.1106087269E-02
    4     -4.9874217692E-03  -8.4781459722E-03  -1.4499287955E-02  -4.3521932778E-03   1.6554614233E-02
    5      5.3668577386E-03  -1.9019172967E-02  -2.4391763217E-02  -1.3999997410E-03  -9.0412680539E-03
    6      9.8796880994E-05   1.3373048986E-04   9.6680133318E-05   2.0145452516E-04  -2.1263334253E-03
    7     -3.0462134797E-04  -2.4825017544E-04  -3.8449064206E-04  -3.8257812947E-04   2.7955966529E-03
    8     -4.0516525612E-04   1.3084816436E-03   2.2733028927E-03   5.5985548324E-06   1.2839503388E-04
    9     -3.8928431487E-02  -4.9322715641E-02   1.3089870687E-02   2.9051685431E-02  -3.4410485476E-03
   10      1.2851657311E-01   1.1161225393E-02  -7.4644366495E-02  -7.8108789189E-02   2.4246323724E-02
   11     -1.5942019280E-01   2.5831497658E-02  -8.1281634093E-02  -2.7199636288E-01  -5.9586741565E-03
   12      3.3755023367E-04  -8.2038207898E-04  -6.2957581538E-04  -7.1504227171E-04   1.4439747106E-03
   13      5.9610816091E-04   9.9742918602E-05  -1.9049070619E-04  -5.1385872424E-04   1.8659468401E-03
   14      3.3647154332E-04   4.0593362128E-04   1.8062949313E-04  -4.7553763614E-04  -5.3026695401E-04
   15      2.4850052494E-03  -3.8815209020E-03  -5.1692465969E-04   1.7206342142E-04  -7.2048863319E-02
   16     -6.2885249936E-03   7.4006459592E-03  -2.4175385729E-03   7.7569031376E-04  -9.2176457841E-03
   17      3.0002275633E-03   2.8405655256E-02  -7.7606841227E-03  -2.6664731468E-03   1.5392309736E-03
   18      3.9588536436E-02   8.5582129729E-04  -2.5110117924E-03   2.1667585825E-03  -4.8256852373E-03
   19     -1.3717126598E-01  -2.0546679062E-03   8.8267531697E-03  -7.2486230242E-03   6.1079960342E-04
   20      1.6941903294E-01  -6.4331880108E-03   2.2711641859E-02  -2.0516575788E-02   1.5173861594E-03
   21     -6.4331880108E-03   5.4228858357E-02  -1.0663087139E-02  -3.0917477287E-02  -3.1764268598E-04
   22      2.2711641859E-02  -1.0663087139E-02   8.4275294193E-02   8.9763363505E-02  -1.1323811499E-04
   23     -2.0516575788E-02  -3.0917477287E-02   8.9763363505E-02   2.9358719969E-01   1.0622430075E-03
   24      1.5173861594E-03  -3.1764268598E-04  -1.1323811499E-04   1.0622430075E-03   5.0574209349E-01
   25     -1.6090914836E-03   5.0906368641E-04  -6.1237867722E-04  -6.9556955370E-04  -8.3652187311E-02
   26      8.0538223476E-04   7.4136191905E-04  -1.0945063790E-03   1.7706133171E-04  -1.9123586006E-02
   27     -2.8978388733E-04  -5.0735078240E-03   8.5706333903E-04   8.8468533327E-04  -7.3281010144E-04
   28     -3.1291722345E-04   3.3072822174E-03   1.2783699166E-04  -3.9934757795E-04  -7.3016322579E-03
   29      1.6039566082E-03   1.0473634726E-03  -1.7282717970E-04   1.2481592298E-03  -4.0723854397E-04
   30      2.3333350123E-04   1.7409981746E-03   6.8218251728E-05   4.2366446808E-05   3.1214945145E-04
   31      3.8951990450E-04  -1.1690248854E-03   1.2247924947E-03   1.0965044409E-04  -2.1059022789E-02
   32      1.0041606081E-04   2.2476373229E-05   5.0150319116E-04   1.0001891729E-03   5.6862675227E-03
   33      5.9125045153E-06   4.2751021802E-05   4.3432508850E-04   6.5377023109E-05  -1.3308719879E-01
   34     -1.6689186649E-04   8.2900649195E-04  -2.8020794730E-04   1.5727486677E-04   7.6579200967E-02
   35     -3.3991390969E-05  -4.9031812760E-04   3.5757186921E-04  -6.7090314033E-05   9.7804695214E-02
   36      1.8745475862E-04   1.6230253905E-04  -2.4141539315E-04   4.5456106920E-05  -6.0763044164E-02
   37     -6.0213418560E-04   2.4167904036E-04   1.1125191305E-04  -3.5861258666E-04   1.5646701501E-02
   38      3.1000964899E-05  -4.2191750463E-04   1.4409198090E-04  -4.0638867014E-04  -5.9384162774E-02
   39     -7.7721930522E-05   2.3494562604E-04  -2.2698809364E-04   9.6110969778E-05  -1.0805408691E-03
   40      5.7104468713E-05   6.1217217953E-04  -9.8431314843E-05   8.0265191134E-05  -4.4907103740E-04
   41      7.7486489045E-05  -3.1133725029E-04   6.3294437550E-04   4.9005408027E-04  -6.8012404584E-05
   42     -1.8358354514E-04   2.4297393449E-05   3.1501269536E-04  -4.7690317265E-04  -2.5746515690E-06
   43      3.1675613238E-04  -5.8146384888E-04  -7.8036606717E-05   3.2039995297E-04   1.4175325812E-03
   44     -5.9167545710E-04   2.6624356493E-04  -5.3227841117E-04   2.1520212769E-04   7.6855856066E-04
                   25                 26                 27                 28                 29        
    0     -2.2150700127E-02  -1.3664966238E-02   4.4923804154E-04   1.2393161342E-03   2.3532411594E-04
    1     -8.3900298375E-02  -4.5862665191E-03  -5.0807768724E-04  -1.2388483078E-03   5.1508713397E-04
    2     -3.7926739428E-03  -6.9866766562E-02  -2.6507250155E-04   2.9759720216E-04   1.8560412922E-04
    3      2.1306050290E-02  -5.7571386064E-03   5.0901528386E-04   2.0273861682E-05  -2.2620333965E-04
    4      1.9075191088E-03   4.5731830612E-03   1.8006602216E-03  -4.2357694655E-04  -4.2145599871E-05
    5      2.7518411871E-03   8.0276040339E-03   3.1116927307E-04  -7.7558416289E-04   2.9597991425E-04
    6     -2.3854444999E-02  -2.3021973025E-04  -5.8352674307E-05  -3.7080551714E-04   2.5840781339E-04
    7      2.8154632983E-03  -2.5298020737E-04   1.2040733732E-04   2.1405703662E-04   4.8049597760E-04
    8     -2.9379891730E-03   2.8915639438E-03  -1.0073415857E-04  -4.5635185873E-04  -1.3608691553E-04
    9      1.1695011805E-02  -1.2672385822E-03  -1.0698963690E-02   6.5176662658E-03   2.5062848189E-04
   10     -2.1509449899E-02  -7.3837088474E-03  -2.3352638262E-03   1.2599912255E-04  -1.3460186658E-04
   11      2.2517091880E-03  -3.0831962904E-03   2.8997243272E-02  -1.3237828428E-02  -4.1736790969E-03
   12      3.2040907919E-03  -2.1438927415E-03  -1.1921770153E-03   9.5969864932E-05   3.8311437895E-04
   13     -1.9380880322E-03  -7.4974270476E-04  -9.6098504232E-05  -3.0499206908E-05  -3.1562153181E-05
   14     -2.3685660308E-04   5.8253474018E-03  -1.1640894509E-04  -4.1114436588E-05   1.8856148796E-04
   15     -5.5275662880E-03   5.1381757620E-03  -6.4684332819E-02  -1.4501888614E-02   6.3593113571E-02
   16     -1.6661118453E-01   1.5022959175E-02  -1.4488364332E-02  -5.1698407915E-02   3.9378675418E-02
   17      1.8561281217E-02  -8.2053404814E-02   6.2575904800E-02   3.8876514164E-02  -2.9148853869E-01
   18      3.5703165287E-04   4.2451083989E-04   2.0871230987E-03  -4.5079992234E-04  -4.0749280376E-04
   19     -1.0597710997E-03   6.2564648159E-04  -3.8342425445E-04   8.0326806043E-04  -2.3758544770E-05
   20     -1.6090914836E-03   8.0538223476E-04  -2.8978388733E-04  -3.1291722345E-04   1.6039566082E-03
   21      5.0906368641E-04   7.4136191905E-04  -5.0735078240E-03   3.3072822174E-03   1.0473634726E-03
   22     -6.1237867722E-04  -1.0945063790E-03   8.5706333903E-04   1.2783699166E-04  -1.7282717970E-04
   23     -6.9556955370E-04   1.7706133171E-04   8.8468533327E-04  -3.9934757795E-04   1.2481592298E-03
   24     -8.3652187311E-02  -1.9123586006E-02  -7.3281010144E-04  -7.3016322579E-03  -4.0723854397E-04
   25      4.6921104433E-01   1.1289373621E-02   1.4236106113E-03  -8.8394466251E-03   1.1544369301E-04
   26      1.1289373621E-02   5.6232523132E-01   2.5929093467E-04   3.1915582036E-02  -4.6415161674E-03
   27      1.4236106113E-03   2.5929093467E-04   7.0378385789E-02   8.7494346061E-03  -7.0129865238E-02
   28     -8.8394466251E-03   3.1915582036E-02   8.7494346061E-03   6.2397562357E-02  -4.4228984679E-02
   29      1.1544369301E-04  -4.6415161674E-03  -7.0129865238E-02  -4.4228984679E-02   3.1196604454E-01
   30      1.0942172887E-03   6.5221388701E-04   7.1038863097E-03   4.1909992155E-03   5.3388401205E-03
   31     -1.0474321836E-02  -1.8444163576E-02   4.2985856221E-03   2.3849226802E-03   3.4304966230E-03
   32      5.5403021478E-03   3.7890773263E-03  -2.1665926252E-02  -1.3893208226E-02  -1.7538458419E-02
   33      7.7980099975E-02   9.7467726399E-02   9.5198933717E-04   2.0477343967E-04  -6.8885890065E-04
   34     -1.1682907174E-01  -8.6518791015E-02   1.6958174028E-04   1.7506941531E-03  -2.1035951177E-04
   35     -8.8613393564E-02  -1.5452127731E-01  -3.9129937075E-04   1.9028068745E-04   1.2925539357E-03
   36      1.7433347628E-02  -6.3861439031E-02   6.5906843922E-04  -1.7916707789E-03   2.8983748468E-04
   37     -6.1510915157E-02   5.4335163135E-02   4.1255473815E-04  -5.6058019607E-03   1.1247751613E-03
   38      5.6728201189E-02  -2.7057619227E-01  -5.9548120634E-05   1.0477271644E-03   1.1792634686E-03
   39     -6.5629707235E-04   2.4149287119E-03   4.9802363833E-04  -8.8542373400E-05   4.0773872120E-05
   40     -7.1004029199E-05  -7.1718902028E-04   1.9977318645E-04  -1.1075015139E-04   8.7025454209E-05
   41      2.3256317666E-04   2.3525323492E-03  -3.0970480052E-04   4.0465007002E-04  -1.6810977417E-04
   42      7.3835127839E-04  -6.3486002569E-04  -1.9658581310E-04   4.1218331903E-04   5.4875610736E-04
   43     -5.7809673485E-04   1.5087308135E-03  -4.5300225886E-04   1.4299071206E-04  -2.3988128649E-04
   44      8.9156884696E-04  -1.4514465266E-03   1.7354906898E-04   5.6510662789E-04   1.8626575374E-04
                   30                 31                 32                 33                 34        
    0     -2.6626362926E-04  -2.2237448780E-04   2.7039705374E-04  -1.9303928027E-02  -3.8562693282E-03
    1     -7.8372984300E-04  -6.0029469414E-03   2.2238399921E-03   1.8043650534E-02   5.7345350062E-03
    2      9.3244693570E-06   3.8617990084E-04   4.2079352145E-04   1.9169909660E-02   7.3611338406E-03
    3     -3.5192399675E-03   1.3998148739E-03   1.3985043071E-03  -2.9602990297E-03  -1.9371095270E-03
    4      1.6652083112E-03  -1.4864749395E-03  -9.7368525614E-05  -2.0659841575E-03  -6.9031357175E-04
    5      3.0109668241E-04  -3.6255824459E-04   5.6510096014E-04  -4.1799118864E-04  -7.0719789711E-04
    6     -4.8311234108E-05  -1.6206843947E-03   4.3317404192E-04   9.4093177054E-04   8.3674349263E-04
    7      3.0943064053E-05   1.2738143404E-04  -8.0453434858E-06  -7.0282272389E-04   2.2810533548E-04
    8      7.6173649541E-05   2.5341379618E-04   2.3327671333E-04  -5.6814496773E-04  -1.3431170766E-05
    9     -1.7474339746E-02   9.9087804631E-03   6.0048673270E-03  -4.1732252236E-04  -1.4091971627E-03
   10     -1.2574924304E-02   6.1493053582E-03   2.6402984936E-03  -7.1598990531E-04  -4.7107618014E-03
   11     -1.6083479555E-02   7.4966825133E-03   3.1768402354E-03   1.0377998437E-03  -2.7805246506E-04
   12     -1.8740849145E-03   9.1602492738E-04   8.8391268483E-04  -1.3479457555E-03   3.0874396796E-05
   13     -6.9431839665E-04   1.5650909315E-04   2.6221741335E-05   8.4986503535E-04   1.4096020649E-04
   14      2.6003585969E-04  -2.3516571781E-04  -7.1687939965E-05  -8.3534402466E-04  -2.5139061871E-04
   15     -1.6997609437E-01  -7.8524454871E-02  -1.1058125783E-01   3.8226884843E-03   1.8733066888E-02
   16     -7.9163900123E-02  -9.6664621440E-02  -7.1353260079E-02  -3.3034170573E-03  -1.4225953598E-02
   17     -1.0893549643E-01  -6.8063760607E-02  -1.4552018185E-01  -4.1779484290E-03  -1.7774358636E-02
   18     -9.1658886919E-04   4.8361015356E-04  -6.9122946862E-05   2.2263410225E-04   9.3943850025E-04
   19      4.8070725185E-04   6.7136250363E-05  -1.1350074267E-04   1.1356263475E-04  -2.3237944871E-04
   20      2.3333350123E-04   3.8951990450E-04   1.0041606081E-04   5.9125045153E-06  -1.6689186649E-04
   21      1.7409981746E-03  -1.1690248854E-03   2.2476373229E-05   4.2751021802E-05   8.2900649195E-04
   22      6.8218251728E-05   1.2247924947E-03   5.0150319116E-04   4.3432508850E-04  -2.8020794730E-04
   23      4.2366446808E-05   1.0965044409E-04   1.0001891729E-03   6.5377023109E-05   1.5727486677E-04
   24      3.1214945145E-04  -2.1059022789E-02   5.6862675227E-03  -1.3308719879E-01   7.6579200967E-02
   25      1.0942172887E-03  -1.0474321836E-02   5.5403021478E-03   7.7980099975E-02  -1.1682907174E-01
   26      6.5221388701E-04  -1.8444163576E-02   3.7890773263E-03   9.7467726399E-02  -8.6518791015E-02
   27      7.1038863097E-03   4.2985856221E-03  -2.1665926252E-02   9.5198933717E-04   1.6958174028E-04
   28      4.1909992155E-03   2.3849226802E-03  -1.3893208226E-02   2.0477343967E-04   1.7506941531E-03
   29      5.3388401205E-03   3.4304966230E-03  -1.7538458419E-02  -6.8885890065E-04  -2.1035951177E-04
   30      1.8262924287E-01   8.5854463863E-02   1.1731962206E-01   5.4863713592E-04   1.4852227026E-04
   31      8.5854463863E-02   1.0488551130E-01   7.5371865234E-02  -5.3310147739E-04  -1.6135149131E-03
   32      1.1731962206E-01   7.5371865234E-02   1.5320684568E-01  -5.5611406813E-04  -3.2395465534E-04
   33      5.4863713592E-04  -5.3310147739E-04  -5.5611406813E-04   1.4497198959E-01  -8.6236897254E-02
   34      1.4852227026E-04  -1.6135149131E-03  -3.2395465534E-04  -8.6236897254E-02   1.2624759975E-01
   35      4.3744455547E-04  -6.1815447351E-04  -4.4876822541E-04  -1.0520507648E-01   9.2620970768E-02
   36      6.0040685057E-04  -1.4854388208E-04   1.4170783520E-04   5.6604638917E-03  -4.4076726335E-03
   37      3.2295746132E-06   1.9548011360E-03  -2.1440406570E-04  -5.0545706678E-03   4.1015436792E-03
   38      7.0914548368E-04  -2.1018268002E-04   1.1469031225E-03  -6.0584919998E-03   4.7960724506E-03
   39      5.0071114724E-04  -4.6232183024E-04  -3.9400797574E-04  -1.2197998667E-05  -8.4755058075E-05
   40     -1.1770399054E-05   2.0511736675E-04   1.0221298408E-04   1.0621304234E-04   9.1329608766E-05
   41      8.4746740277E-05   1.7918972263E-04   1.6292208964E-04  -3.8672596976E-04  -1.4489397400E-04
   42      6.3889079537E-04   1.4628414337E-03   6.0327240776E-04  -3.3193206702E-05   3.8986371432E-04
   43     -8.9245874415E-04  -9.1359704572E-04  -6.3396723250E-04   1.5589599635E-04   2.8743528231E-04
   44      5.6859982581E-05   5.4845224670E-04  -2.2326845086E-04   7.4329778892E-04   6.2168800399E-04
                   35                 36                 37                 38                 39        
    0     -4.5284782718E-03  -1.3365356767E-02  -3.6668347071E-04  -3.4734603490E-03   1.4708708454E-02
    1      3.7481468847E-03   9.4031403196E-03   2.6960301564E-03   5.0547521774E-04  -4.8851196448E-03
    2      4.6924385059E-03  -2.9539974773E-02  -6.7408439895E-03  -1.7523602994E-03  -1.2381063866E-03
    3     -4.8315499559E-04  -1.8400915204E-03  -3.4949823117E-04  -2.3271377367E-04  -1.4693877191E-01
    4      3.3178062518E-06  -1.7843050717E-03   2.5563265614E-04  -1.4406276316E-03   1.7765434884E-02
    5      4.9283322254E-04  -5.1991984972E-04   3.1953225272E-04   1.6498806549E-03  -8.9229098813E-03
    6      6.3785949516E-04   4.7703174184E-05  -1.7291525873E-04  -7.4287583616E-04   3.2589446662E-04
    7      1.4666613553E-04  -6.6143900903E-04  -3.0847495747E-04   1.5189245021E-05   4.2017397344E-04
    8     -2.7151518129E-04   1.1287201171E-03   4.9920898781E-04  -7.2358601146E-05  -1.0809114584E-03
    9     -3.4665495744E-04  -2.1708374264E-04   2.4644465684E-04  -5.6063927070E-04   5.5080082388E-03
   10      2.3868021307E-03  -1.8837621198E-04  -1.1944628334E-03   8.4377843133E-04  -6.6890860199E-03
   11      7.2495621352E-05  -8.0548467918E-04   1.0567167648E-03  -8.0253114551E-04  -2.8307907321E-03
   12     -5.9496469323E-04  -2.3358647577E-03  -1.3851003804E-04  -1.4517358743E-04   9.9940840331E-02
   13     -1.0519071187E-04   1.2315544016E-04   1.8396330245E-04   2.9228405111E-05   2.5224098234E-03
   14     -1.6327533543E-04   1.5831399589E-03   2.6636751232E-04   1.6238030559E-04  -5.1940719129E-03
   15     -5.2106287809E-03  -5.9414858968E-04   5.7568515428E-03   4.1275764358E-04   1.4191986234E-04
   16      5.3611945060E-03  -2.3168993757E-03  -7.0648523838E-03  -3.1946430000E-04   1.5564732003E-03
   17      2.8865400898E-03   5.3552332007E-03   2.9628406956E-02  -2.5056666504E-03   1.6121162362E-03
   18     -1.2530374833E-04   1.9888651026E-04   8.2569397637E-04   9.8956854021E-06   2.1422879326E-04
   19      1.0709503271E-04   2.5818805446E-04  -3.0606693878E-04   3.8694390013E-05  -2.7149329039E-04
   20     -3.3991390969E-05   1.8745475862E-04  -6.0213418560E-04   3.1000964899E-05  -7.7721930522E-05
   21     -4.9031812760E-04   1.6230253905E-04   2.4167904036E-04  -4.2191750463E-04   2.3494562604E-04
   22      3.5757186921E-04  -2.4141539315E-04   1.1125191305E-04   1.4409198090E-04  -2.2698809364E-04
   23     -6.7090314033E-05   4.5456106920E-05  -3.5861258666E-04  -4.0638867014E-04   9.6110969778E-05
   24      9.7804695214E-02  -6.0763044164E-02   1.5646701501E-02  -5.9384162774E-02  -1.0805408691E-03
   25     -8.8613393564E-02   1.7433347628E-02  -6.1510915157E-02   5.6728201189E-02  -6.5629707235E-04
   26     -1.5452127731E-01  -6.3861439031E-02   5.4335163135E-02  -2.7057619227E-01   2.4149287119E-03
   27     -3.9129937075E-04   6.5906843922E-04   4.1255473815E-04  -5.9548120634E-05   4.9802363833E-04
   28      1.9028068745E-04  -1.7916707789E-03  -5.6058019607E-03   1.0477271644E-03  -8.8542373400E-05
   29      1.2925539357E-03   2.8983748468E-04   1.1247751613E-03   1.1792634686E-03   4.0773872120E-05
   30      4.3744455547E-04   6.0040685057E-04   3.2295746132E-06   7.0914548368E-04   5.0071114724E-04
   31     -6.1815447351E-04  -1.4854388208E-04   1.9548011360E-03  -2.1018268002E-04  -4.6232183024E-04
   32     -4.4876822541E-04   1.4170783520E-04  -2.1440406570E-04   1.1469031225E-03  -3.9400797574E-04
   33     -1.0520507648E-01   5.6604638917E-03  -5.0545706678E-03  -6.0584919998E-03  -1.2197998667E-05
   34      9.2620970768E-02  -4.4076726335E-03   4.1015436792E-03   4.7960724506E-03  -8.4755058075E-05
   35      1.6609491916E-01   1.8436947840E-02  -1.5708363864E-02  -2.0551354086E-02   1.8691239609E-04
   36      1.8436947840E-02   7.0934681000E-02  -1.6168310608E-02   6.8889048067E-02   1.0704144643E-03
   37     -1.5708363864E-02  -1.6168310608E-02   6.6137258479E-02  -6.2658654957E-02   1.8223681622E-04
   38     -2.0551354086E-02   6.8889048067E-02  -6.2658654957E-02   2.9275203902E-01  -1.5434970590E-04
   39      1.8691239609E-04   1.0704144643E-03   1.8223681622E-04  -1.5434970590E-04   5.1212797748E-02
   40      2.8322046166E-05  -1.5767420387E-04  -8.8978724121E-05   1.6083094077E-05  -1.1277741713E-03
   41     -1.7192075367E-04   3.3230337631E-04   2.8106480927E-06  -6.4142092882E-05  -4.3466749240E-03
   42      2.7669272557E-04  -2.1833732748E-04  -6.2027669765E-04   2.6984367514E-04  -2.6324981992E-02
   43      9.2691662779E-04   2.0384885059E-04   6.3907163312E-04  -1.1990295086E-05  -8.0861482272E-03
   44      6.9741206367E-04  -7.2038804465E-04  -4.7358947330E-04  -1.9047372125E-04   1.9633789363E-02
                   40                 41                 42                 43                 44        
    0      5.2957931976E-04  -2.8315914493E-03   2.0290358099E-03   1.8196192257E-03  -2.0487211665E-03
    1      1.4638829003E-05   3.6569953818E-03  -2.1961657753E-03   6.0940188526E-04  -9.1422716886E-04
    2      5.4560896609E-04  -1.8465410745E-03  -6.3185745952E-04  -3.4101139661E-05   9.1537439975E-04
    3     -1.7907958609E-03   1.8070789814E-02  -3.6237828772E-03  -3.7826399718E-03   4.8080199591E-03
    4      2.2044896164E-03  -5.5390303508E-03   2.0498951412E-03   8.4050811464E-04  -1.3477136855E-03
    5     -1.0374428926E-03   5.9153604502E-03   8.2965806150E-04  -1.7090524514E-03   6.3906299407E-04
    6     -4.3805814787E-04   3.8531808597E-05  -7.7859289424E-04   4.6072147523E-05  -5.3095756481E-04
    7      1.6512168663E-04   9.7071461359E-04   8.6952649412E-04  -6.0840029471E-04  -5.5905456081E-04
    8      4.3973793357E-04  -1.1861085027E-03   9.4878021947E-05  -1.1535916078E-03   3.4642641026E-04
    9     -4.0476496582E-05  -2.1067678104E-06  -1.3816290430E-04   3.5262603569E-04  -1.7278974411E-03
   10      2.0164054193E-03   6.8794462569E-04  -5.8140561969E-04  -1.1193321620E-03   1.4312827415E-03
   11      6.3112654370E-04  -1.5226750673E-03   3.5766261492E-04   9.6904188202E-04   6.2949050622E-04
   12     -1.5571664621E-03  -4.4964606832E-03  -3.8215851955E-03   5.4772796538E-03  -6.6584764556E-03
   13     -1.0574124103E-02   4.6798930495E-03  -7.6747593387E-03   1.1361583351E-03   1.6674434725E-03
