
$orca_hessian_file

$act_atom
  0

$act_coord
  0

$act_energy
     -270.646093

$multiplicity
  1

$hessian
45
                    0                  1                  2                  3                  4        
    0      5.4835745825E-01  -8.8949100673E-02   4.2762759881E-02  -1.9988378295E-01   2.2792109258E-01
    1     -8.8949100673E-02   9.2639474455E-01   2.5607559390E-02   2.1780873592E-01  -4.8050461336E-01
    2      4.2762759881E-02   2.5607559390E-02   1.4650211912E-01  -5.7213725666E-03   5.2483658748E-03
    3     -1.9988378295E-01   2.1780873592E-01  -5.7213725666E-03   4.5550689332E-01  -1.5578201746E-01
    4      2.2792109258E-01  -4.8050461336E-01   5.2483658748E-03  -1.5578201746E-01   7.1668233060E-01
    5     -8.3667114478E-04   1.0633411595E-03  -4.9162170428E-02   3.2137543391E-02   1.9332873979E-02
    6     -9.9478795673E-02  -1.0765262720E-01  -1.1113500287E-02   1.1004145285E-02   1.8513662389E-02
    7     -1.0363784297E-01  -2.9941949171E-01  -2.0465075678E-02  -1.3753152467E-02  -1.6194591841E-02
    8     -1.1048502578E-02  -2.0000324383E-02  -4.0512476617E-02  -1.1597859723E-05   5.3009879952E-04
    9      7.5975664165E-03   4.8376154015E-03   6.4052928860E-04  -9.7165165238E-02  -6.8101995452E-02
   10     -1.1450672474E-02  -3.9510469027E-02  -7.8932394580E-03  -6.0903258273E-02  -1.6234629593E-01
   11     -3.4927633373E-03  -2.2487993734E-04   5.2091466269E-03  -1.1949326921E-02  -1.9500865296E-02
   12     -4.0713665936E-02   6.9325546932E-03  -2.6816853000E-03   5.6268458641E-02  -2.7771747090E-02
   13      1.5383357162E-02   1.3342992356E-03   2.3382346079E-03   6.2215040535E-03  -3.1787481462E-02
   14      3.1105810119E-03  -3.2303280764E-03   5.7166715371E-03  -3.0482239618E-02   7.9078921128E-03
   15     -8.0753006049E-03  -2.9979757970E-02   4.2175818351E-03  -4.1669981091E-02  -9.1789169739E-03
   16     -1.5810389876E-02  -2.2059101763E-02  -1.2856232378E-03  -1.3094649950E-02   6.5689385321E-03
   17     -3.4712224255E-03  -6.7604629320E-03   8.0068136299E-04  -4.3655748724E-03  -1.0272958989E-03
   18     -2.2131269103E-03  -3.9834871538E-03  -8.5369303281E-04   5.7829642306E-03  -1.4873695678E-02
   19     -2.5259280453E-03  -3.1082470459E-03   2.9060516609E-04   7.1530077580E-03  -1.9464988808E-02
   20      1.5254039688E-05  -1.1271955742E-03   3.8716378746E-04   1.2713277285E-03  -5.3025344597E-03
   21     -2.3191542266E-03  -6.3294629062E-04  -2.6974691354E-04   3.8276013111E-03  -8.6313318396E-03
   22     -3.6059532233E-03  -1.1424698158E-03  -7.1892943668E-04   3.4986251153E-03  -1.5133194304E-02
   23     -1.7633866815E-03   8.4635815911E-04   6.4137642303E-04  -4.1255294177E-04  -4.7012625107E-03
   24     -1.8818725174E-01  -1.7510403756E-02  -1.4395677996E-02  -4.0831688134E-02   1.5714976353E-02
   25     -2.3009224384E-02  -8.3329704679E-02  -2.9379225485E-03   2.1365521071E-02   1.1167106112E-03
   26     -1.3897770304E-02  -4.8433421752E-03  -6.8899852727E-02  -5.5990416632E-03   5.5460220977E-03
   27      7.3393727421E-05  -8.0569508502E-04  -7.2529009885E-05   8.1848555717E-04   1.3208287614E-03
   28      9.9604639067E-04  -1.3215086626E-03   5.1189821534E-04  -4.7654240227E-04  -9.4530692608E-04
   29      2.8036325854E-04   1.0998035302E-03   3.9363803869E-04   2.1912464339E-04   2.6873149160E-04
   30     -3.5988838017E-04  -2.7540879558E-04   4.3044361104E-04  -3.2906877842E-03   9.7072726855E-04
   31     -2.1346556792E-04  -6.1243634549E-03  -1.9979685926E-05   1.4320173662E-03  -1.4788724421E-03
   32      6.6237553134E-04   2.4293211676E-03   1.3553461497E-03   1.5288107200E-03  -2.2116138033E-04
   33     -1.9829492044E-02   1.7341292244E-02   1.9608675250E-02  -3.3834446549E-03  -2.9979646150E-03
   34     -3.3051229548E-03   5.7746539134E-03   8.1495088367E-03  -2.4186941908E-03  -1.2811246931E-03
   35     -5.0377877757E-03   3.8306065934E-03   5.3273460953E-03   4.5594945839E-04  -4.0238635506E-04
   36     -1.3735787313E-02   1.0096879376E-02  -2.9971342878E-02  -1.6746230083E-03  -1.7770186075E-03
   37     -6.5872726504E-04   2.8385479684E-03  -7.1667304027E-03  -1.0642206863E-03   3.9322948152E-04
   38     -3.4052286092E-03  -1.9671283283E-04  -2.0516583464E-03  -2.5963428560E-04  -2.6918370969E-03
   39      1.5035002324E-02  -5.4993340687E-03  -1.6106951263E-03  -1.4625188727E-01   1.7671987230E-02
   40      1.0584620893E-03   1.3521426789E-04  -2.3861178950E-04  -2.0531372831E-03   2.5619252492E-03
   41     -4.3563417307E-03   2.9854586368E-03  -1.8067957323E-03   1.8940988480E-02  -7.0208950245E-03
   42      3.7328250639E-03  -2.1194686214E-03  -9.1005991308E-04   9.4271178264E-04   5.9737153498E-03
   43      8.1986211903E-03   4.2509586715E-05  -1.6215611413E-03  -6.9060407828E-03   1.8133352881E-03
   44      4.1865402179E-04  -1.2777014377E-03  -3.9005352935E-03   3.8805773915E-03   1.3572288949E-03
                    5                  6                  7                  8                  9        
    0     -8.3667114478E-04  -9.9478795673E-02  -1.0363784297E-01  -1.1048502578E-02   7.5975664165E-03
    1      1.0633411595E-03  -1.0765262720E-01  -2.9941949171E-01  -2.0000324383E-02   4.8376154015E-03
    2     -4.9162170428E-02  -1.1113500287E-02  -2.0465075678E-02  -4.0512476617E-02   6.4052928860E-04
    3      3.2137543391E-02   1.1004145285E-02  -1.3753152467E-02  -1.1597859723E-05  -9.7165165238E-02
    4      1.9332873979E-02   1.8513662389E-02  -1.6194591841E-02   5.3009879952E-04  -6.8101995452E-02
    5      1.2671059814E-01   2.0443306781E-03  -2.2870237173E-03   3.8115995032E-03  -1.2213027161E-02
    6      2.0443306781E-03   9.7530215091E-02   1.1460295375E-01   1.2158958790E-02  -2.6164082508E-03
    7     -2.2870237173E-03   1.1460295375E-01   3.1641441461E-01   2.1417261498E-02   1.3329005520E-03
    8      3.8115995032E-03   1.2158958790E-02   2.1417261498E-02   2.4112248840E-02  -1.8509066048E-03
    9     -1.2213027161E-02  -2.6164082508E-03   1.3329005520E-03  -1.8509066048E-03   3.9212559029E-01
   10     -1.2888959352E-02   2.8702340537E-03  -2.9060176455E-03  -8.3940993381E-04  -3.9410830662E-02
   11     -6.8260885056E-02  -4.6106518321E-04   2.9922025395E-04   1.1152749270E-02   1.5757811743E-03
   12     -6.1869401641E-04   5.0794403772E-04  -1.0752430838E-03   8.2493794469E-04  -1.7448285462E-02
   13      2.9469355535E-03  -8.2047521021E-05  -5.5358680499E-05   1.6516963399E-04  -1.4564168231E-02
   14     -3.5930687164E-02   6.1144207717E-04  -3.4744299986E-04  -3.3784884861E-03  -3.7254895985E-04
   15      1.1520966069E-06  -5.2197257479E-03   1.2046415799E-03  -8.3474005493E-04  -1.4687590905E-01
   16      3.3449851041E-03   9.0154488283E-05   6.8103749033E-04  -4.3480889401E-04   2.8460506372E-02
   17      7.6986393579E-04  -1.9692560685E-03  -3.7255436525E-04   1.3320088443E-03   1.6286760128E-02
   18      1.5737317454E-02   1.8182993602E-03  -6.0462323513E-04  -8.9267643374E-04  -5.9591147047E-02
   19      1.4894157106E-02   6.1307749149E-04  -6.6698496241E-04  -1.4043463011E-03   4.3681050671E-02
   20      5.5461057818E-03   8.7094565665E-05  -3.7207237401E-04  -4.4895208794E-04  -4.0833813959E-02
   21     -1.9086287878E-02   9.4630767061E-05  -2.0122822585E-04   1.3519973381E-03  -4.8975441489E-02
   22     -2.5049732340E-02   3.6182778845E-04  -3.5653000564E-04   1.8082879816E-03   1.2299811039E-02
   23     -1.1168599772E-03   7.0221144078E-06  -1.1145208536E-04   3.8705216602E-05   2.8788716371E-02
   24     -8.9349129498E-03  -1.0877246143E-03   1.8297867797E-03  -1.4214627374E-04  -4.0366806864E-03
   25      2.7510059153E-03  -2.3588990167E-02   2.1558836509E-03  -3.2429816999E-03   1.0284536786E-02
   26      8.7601776134E-03   1.1870927212E-03   3.2559881094E-04   3.1397991515E-03  -1.6433814699E-03
   27      3.2212076178E-05  -6.9931454712E-05  -1.2871229706E-04  -3.5894263183E-04  -1.0649481346E-02
   28     -7.6521455130E-04  -3.7455701183E-04  -1.0391711342E-04  -7.0057237063E-04   6.2242769075E-03
   29      5.2117524234E-04   1.6458472652E-04   6.8143782496E-05  -1.5784692843E-05   9.7202689503E-04
   30      1.3695824404E-04  -5.8368027158E-05   1.1211113589E-04   1.1013681953E-04  -1.7349488652E-02
   31     -7.1973621512E-05  -1.5120384318E-03   2.6377490295E-04   2.3773450597E-04   1.0117910529E-02
   32      8.5149237180E-04   4.9184576008E-04   1.4064764602E-04   1.6535253039E-04   6.1311419776E-03
   33     -1.8698670601E-04   1.2854455300E-03  -1.2162025726E-03  -1.5005738081E-04  -7.2058235113E-04
   34     -1.1835481192E-03   1.5857033369E-03  -1.0823351857E-04   2.2269456581E-04  -1.8576231958E-03
   35      1.1898372416E-03   1.7615815484E-03  -2.3494568514E-04   3.8664239580E-04   1.2307702563E-05
   36     -4.9667395464E-04   2.8879926594E-04  -4.6400796090E-04   7.8901836503E-04   1.6341629019E-05
   37      2.2003070803E-04   2.3908054687E-05  -3.8815628067E-04   2.1628016363E-04   8.2631508881E-05
   38      1.3128468059E-03   3.1475874571E-04  -1.2010068841E-03  -1.1811161368E-04  -6.7731874203E-04
   39     -9.7645149869E-03   6.8722486391E-04  -4.7878990583E-04  -1.2118787923E-03   4.2425388543E-03
   40     -3.2035801050E-04  -1.6254415834E-05   2.3357570594E-04   6.6092046418E-04   3.1506543428E-04
   41      5.5970758669E-03   1.5797600179E-04  -2.5322897156E-04  -9.2138571956E-04  -4.4747614331E-04
   42      2.4152737725E-03  -4.6857504327E-03   3.0227642004E-03   1.4310346080E-03   1.4465523822E-03
   43     -1.3094950425E-03  -5.9803618852E-03   4.5059540114E-04   1.0238430695E-03   5.3238463651E-03
   44     -6.0016987536E-04  -5.6075014459E-03   3.7340836685E-03   1.2560934656E-03   3.0040984538E-03
                   10                 11                 12                 13                 14        
    0     -1.1450672474E-02  -3.4927633373E-03  -4.0713665936E-02   1.5383357162E-02   3.1105810119E-03
    1     -3.9510469027E-02  -2.2487993734E-04   6.9325546932E-03   1.3342992356E-03  -3.2303280764E-03
    2     -7.8932394580E-03   5.2091466269E-03  -2.6816853000E-03   2.3382346079E-03   5.7166715371E-03
    3     -6.0903258273E-02  -1.1949326921E-02   5.6268458641E-02   6.2215040535E-03  -3.0482239618E-02
    4     -1.6234629593E-01  -1.9500865296E-02  -2.7771747090E-02  -3.1787481462E-02   7.9078921128E-03
    5     -1.2888959352E-02  -6.8260885056E-02  -6.1869401641E-04   2.9469355535E-03  -3.5930687164E-02
    6      2.8702340537E-03  -4.6106518321E-04   5.0794403772E-04  -8.2047521021E-05   6.1144207717E-04
    7     -2.9060176455E-03   2.9922025395E-04  -1.0752430838E-03  -5.5358680499E-05  -3.4744299986E-04
    8     -8.3940993381E-04   1.1152749270E-02   8.2493794469E-04   1.6516963399E-04  -3.3784884861E-03
    9     -3.9410830662E-02   1.5757811743E-03  -1.7448285462E-02  -1.4564168231E-02  -3.7254895985E-04
   10      5.6599470773E-01  -2.2698264050E-02   1.8516749557E-02   1.4888988045E-03  -1.1485745179E-03
   11     -2.2698264050E-02   5.6820312315E-01   3.5024296935E-03  -1.4060513106E-03   2.8401753455E-03
   12      1.8516749557E-02   3.5024296935E-03  -9.3145074360E-02  -3.9870971801E-03   1.3252780057E-02
   13      1.4888988045E-03  -1.4060513106E-03  -3.9870971801E-03   4.2475796194E-02  -9.2071540574E-03
   14     -1.1485745179E-03   2.8401753455E-03   1.3252780057E-02  -9.2071540574E-03   4.6807862610E-02
   15      3.2589284463E-02   1.6088766784E-02  -7.7146840740E-04  -1.1996380865E-03   9.8289478067E-05
   16     -8.1338720554E-02  -1.5152565690E-03  -4.7625683806E-03  -2.1870153545E-03   2.0859439057E-04
   17     -6.6955122531E-03  -8.0119033555E-02  -4.1584727799E-03  -7.0772714173E-04   1.0557472095E-03
   18      4.3250956019E-02  -3.8596187047E-02  -8.5059479817E-05   5.1310519880E-04  -3.4100379191E-04
   19     -1.8911753841E-01   1.2405481685E-01  -6.5808077839E-04   8.8009834472E-05   2.3989059103E-04
   20      1.2821057843E-01  -1.6000884115E-01  -5.0217236578E-04   3.7887290406E-04  -4.0360247532E-04
   21      1.0988063604E-02   2.4815473736E-02  -1.0920885405E-03  -5.6717079674E-04   2.7931864599E-04
   22     -7.4413630094E-02  -8.2731424759E-02  -7.4747403760E-04  -6.1057704781E-04  -7.0043124805E-05
   23     -7.7728360223E-02  -2.7256465342E-01  -8.1031322078E-04  -4.0906000057E-04  -2.2628962086E-05
   24      2.3987729280E-02  -6.6560395306E-03   1.0079091521E-03   1.8775470983E-03  -4.4602296050E-04
   25     -2.1322984383E-02   2.0679923079E-03   2.4502776265E-03  -2.4745795485E-03  -1.4844273367E-04
   26     -6.1572569037E-03  -3.6330305165E-03  -1.8348448067E-03  -7.2269106865E-04   5.9946468927E-03
   27     -2.0576553229E-03   2.8733736285E-02  -1.0131196467E-03  -1.3030349003E-04  -1.3053771177E-04
   28      5.1622706016E-04  -1.3952737680E-02  -1.2627906385E-04  -1.0684974966E-04  -2.2343729897E-06
   29     -5.3629363319E-05  -4.0731423774E-03   5.0489845576E-04   1.7552689673E-04   5.3157957044E-04
   30     -1.1998174774E-02  -1.6567111141E-02  -1.7772454909E-03  -6.7745579322E-04   1.6390313191E-04
   31      6.1830213918E-03   7.8356952694E-03   7.0855420449E-04   2.1287242748E-04  -2.0777323051E-04
   32      2.9828454852E-03   3.1785662317E-03   1.2487445402E-03   3.5263818553E-04  -1.2537796522E-04
   33     -3.8284292485E-04   7.2056217425E-04  -1.5424774829E-03   7.8913239337E-04  -8.8298325106E-04
   34     -5.1366673481E-03   9.9654410277E-05  -3.0066083007E-04  -1.8514783953E-04  -2.9818173942E-04
   35      3.1364722372E-03   4.0809069407E-04   7.5519638827E-05   8.3692223594E-04  -9.4276330739E-05
   36     -1.4051251649E-04  -1.1727684806E-03  -2.0959427062E-03  -1.8721051651E-07   1.3735646293E-03
   37     -5.7774071010E-04   1.2929537609E-03  -1.5470914240E-04  -1.2561957353E-04   1.1337339676E-04
   38      8.6942966288E-04  -1.0105416015E-03  -4.6472408962E-04  -7.5773023269E-05   2.7445738892E-04
   39     -7.0966974970E-03  -4.1440432052E-03   1.0189626047E-01   2.9435193647E-03  -5.7383600129E-03
   40      2.9271805165E-03  -1.8691658866E-05   1.3776809211E-04  -9.7453238022E-03   5.3700639984E-03
   41     -5.1973636653E-05  -1.9512508607E-03  -6.8641601280E-03   3.7036097837E-03  -1.9157275803E-02
   42      2.2120934423E-03   8.2296660478E-03   3.8552113445E-06  -6.7351771870E-03   1.9278232961E-02
   43     -4.3997140375E-04   5.4871338677E-03   1.1053035639E-02   1.6780765624E-03  -3.2409576039E-04
   44      1.8665584171E-03   6.2952722089E-04  -1.2486593098E-03   2.7750029247E-03  -4.1088033674E-03
                   15                 16                 17                 18                 19        
    0     -8.0753006049E-03  -1.5810389876E-02  -3.4712224255E-03  -2.2131269103E-03  -2.5259280453E-03
    1     -2.9979757970E-02  -2.2059101763E-02  -6.7604629320E-03  -3.9834871538E-03  -3.1082470459E-03
    2      4.2175818351E-03  -1.2856232378E-03   8.0068136299E-04  -8.5369303281E-04   2.9060516609E-04
    3     -4.1669981091E-02  -1.3094649950E-02  -4.3655748724E-03   5.7829642306E-03   7.1530077580E-03
    4     -9.1789169739E-03   6.5689385321E-03  -1.0272958989E-03  -1.4873695678E-02  -1.9464988808E-02
    5      1.1520966069E-06   3.3449851041E-03   7.6986393579E-04   1.5737317454E-02   1.4894157106E-02
    6     -5.2197257479E-03   9.0154488283E-05  -1.9692560685E-03   1.8182993602E-03   6.1307749149E-04
    7      1.2046415799E-03   6.8103749033E-04  -3.7255436525E-04  -6.0462323513E-04  -6.6698496241E-04
    8     -8.3474005493E-04  -4.3480889401E-04   1.3320088443E-03  -8.9267643374E-04  -1.4043463011E-03
    9     -1.4687590905E-01   2.8460506372E-02   1.6286760128E-02  -5.9591147047E-02   4.3681050671E-02
   10      3.2589284463E-02  -8.1338720554E-02  -6.6955122531E-03   4.3250956019E-02  -1.8911753841E-01
   11      1.6088766784E-02  -1.5152565690E-03  -8.0119033555E-02  -3.8596187047E-02   1.2405481685E-01
   12     -7.7146840740E-04  -4.7625683806E-03  -4.1584727799E-03  -8.5059479817E-05  -6.5808077839E-04
   13     -1.1996380865E-03  -2.1870153545E-03  -7.0772714173E-04   5.1310519880E-04   8.8009834472E-05
   14      9.8289478067E-05   2.0859439057E-04   1.0557472095E-03  -3.4100379191E-04   2.3989059103E-04
   15      5.1719736041E-01   8.3302039110E-02   2.7324863142E-02  -5.0948369758E-03   1.0022267616E-03
   16      8.3302039110E-02   4.3884556358E-01   1.8744793721E-02   2.2729650904E-02  -4.4194957351E-03
   17      2.7324863142E-02   1.8744793721E-02   5.9011334677E-01  -1.7220163823E-02   4.4693853972E-03
   18     -5.0948369758E-03   2.2729650904E-02  -1.7220163823E-02   6.4155912967E-02  -4.6745554143E-02
   19      1.0022267616E-03  -4.4194957351E-03   4.4693853972E-03  -4.6745554143E-02   2.0937924462E-01
   20      2.4861458503E-03  -6.7183927528E-03   2.5913193370E-03   4.1006004784E-02  -1.3581655712E-01
   21     -3.6156218109E-03   7.5208923785E-03   2.7777998691E-02   2.9079623046E-04  -2.2448141760E-03
   22     -9.7491590260E-04  -2.3327486415E-03  -8.4562768275E-03  -2.6952055655E-03   9.2290027389E-03
   23      2.0528228209E-04   4.7647049632E-04  -1.8377491282E-03   1.9349364117E-03  -7.0736006942E-03
   24     -7.2115640961E-02  -7.4024947136E-03   2.0231393139E-03  -4.8551979354E-03   6.3930762077E-04
   25     -5.3312858866E-03  -1.6591299380E-01   1.8347484238E-02   3.0537768313E-04  -1.0173209494E-03
   26      5.3415334322E-03   1.5180170451E-02  -8.2218253178E-02   8.5211058572E-04   6.6006703376E-04
   27     -6.3982542384E-02  -1.3890117301E-02   6.1554910919E-02   1.6718877314E-03   4.6663600438E-04
   28     -1.3373222289E-02  -5.1609740046E-02   3.7146319160E-02  -3.6700625056E-04   1.0891234191E-03
   29      6.2986486417E-02   3.9028321183E-02  -2.9194274351E-01   4.6418958457E-04   2.8353283998E-04
   30     -1.6954585896E-01  -7.9884619400E-02  -1.0810203184E-01  -1.0673606030E-03   1.1281733720E-03
   31     -7.8191762698E-02  -9.6972281356E-02  -6.8955237922E-02   6.5589744151E-04  -5.9767858515E-04
   32     -1.0838393698E-01  -7.0177564721E-02  -1.4415941511E-01   2.0159615387E-04   4.6963357240E-04
   33      2.6602168779E-03  -2.4853652670E-03  -2.5517772277E-03   2.5106828222E-04   1.4741056720E-04
   34      1.8398516781E-02  -1.3769556695E-02  -1.7843177444E-02   1.0352415388E-03  -2.3824652969E-04
   35     -4.6483191700E-03   5.9554300736E-03   3.9488800936E-03  -1.7716920235E-04   2.2281550483E-05
   36      1.2138725338E-04  -1.8309518525E-03   5.4078192104E-03   1.7121707465E-04   2.5500823229E-04
   37      5.8342418872E-03  -6.5971443727E-03   2.9723244488E-02   8.4954631327E-04  -2.9793178070E-04
   38      9.7532366694E-04  -5.4672842002E-04  -2.9879843720E-03   9.7786485041E-05   6.3356226469E-05
   39      4.7910854326E-04   2.3411917088E-03   1.6216441747E-03  -2.4502856573E-04  -6.3539553317E-05
   40      6.9739987817E-04   8.8747825994E-04  -4.5915876503E-04   9.0409325271E-04   2.4121207073E-06
   41     -4.4970008939E-05  -1.3456197687E-04  -5.6572649441E-04   2.9051651632E-04   2.7861724395E-05
   42     -3.4911870952E-03  -4.1591853610E-03  -4.8051248488E-04  -9.9038835924E-04  -2.0714532168E-03
   43     -5.9229435136E-03   2.1578045782E-04   2.3995130045E-03  -1.7508248902E-03  -8.5935992635E-04
   44     -5.4915828285E-03  -1.6791653073E-03   3.2190577968E-03  -2.0178924075E-03   1.6166643370E-04
                   20                 21                 22                 23                 24        
    0      1.5254039688E-05  -2.3191542266E-03  -3.6059532233E-03  -1.7633866815E-03  -1.8818725174E-01
    1     -1.1271955742E-03  -6.3294629062E-04  -1.1424698158E-03   8.4635815911E-04  -1.7510403756E-02
    2      3.8716378746E-04  -2.6974691354E-04  -7.1892943668E-04   6.4137642303E-04  -1.4395677996E-02
    3      1.2713277285E-03   3.8276013111E-03   3.4986251153E-03  -4.1255294177E-04  -4.0831688134E-02
    4     -5.3025344597E-03  -8.6313318396E-03  -1.5133194304E-02  -4.7012625107E-03   1.5714976353E-02
    5      5.5461057818E-03  -1.9086287878E-02  -2.5049732340E-02  -1.1168599772E-03  -8.9349129498E-03
    6      8.7094565665E-05   9.4630767061E-05   3.6182778845E-04   7.0221144078E-06  -1.0877246143E-03
    7     -3.7207237401E-04  -2.0122822585E-04  -3.5653000564E-04  -1.1145208536E-04   1.8297867797E-03
    8     -4.4895208794E-04   1.3519973381E-03   1.8082879816E-03   3.8705216602E-05  -1.4214627374E-04
    9     -4.0833813959E-02  -4.8975441489E-02   1.2299811039E-02   2.8788716371E-02  -4.0366806864E-03
   10      1.2821057843E-01   1.0988063604E-02  -7.4413630094E-02  -7.7728360223E-02   2.3987729280E-02
   11     -1.6000884115E-01   2.4815473736E-02  -8.2731424759E-02  -2.7256465342E-01  -6.6560395306E-03
   12     -5.0217236578E-04  -1.0920885405E-03  -7.4747403760E-04  -8.1031322078E-04   1.0079091521E-03
   13      3.7887290406E-04  -5.6717079674E-04  -6.1057704781E-04  -4.0906000057E-04   1.8775470983E-03
   14     -4.0360247532E-04   2.7931864599E-04  -7.0043124805E-05  -2.2628962086E-05  -4.4602296050E-04
   15      2.4861458503E-03  -3.6156218109E-03  -9.7491590260E-04   2.0528228209E-04  -7.2115640961E-02
   16     -6.7183927528E-03   7.5208923785E-03  -2.3327486415E-03   4.7647049632E-04  -7.4024947136E-03
   17      2.5913193370E-03   2.7777998691E-02  -8.4562768275E-03  -1.8377491282E-03   2.0231393139E-03
   18      4.1006004784E-02   2.9079623046E-04  -2.6952055655E-03   1.9349364117E-03  -4.8551979354E-03
   19     -1.3581655712E-01  -2.2448141760E-03   9.2290027389E-03  -7.0736006942E-03   6.3930762077E-04
   20      1.6963868464E-01  -7.5301717250E-03   2.2132168999E-02  -2.1333830018E-02   1.4391135182E-03
   21     -7.5301717250E-03   5.3190195159E-02  -1.0266579728E-02  -3.0806081072E-02  -3.7184198273E-04
   22      2.2132168999E-02  -1.0266579728E-02   8.3370923489E-02   8.9308343491E-02  -3.1430989325E-04
   23     -2.1333830018E-02  -3.0806081072E-02   8.9308343491E-02   2.9146659384E-01   1.1848542806E-03
   24      1.4391135182E-03  -3.7184198273E-04  -3.1430989325E-04   1.1848542806E-03   5.0246766335E-01
   25     -1.1565532682E-03   1.4661770458E-04  -1.1891202443E-04  -7.0301984166E-04  -8.3584462888E-02
   26      5.2561255108E-04   8.2318187082E-04  -4.9948271490E-04  -2.8510765551E-04  -1.8533182052E-02
   27     -3.2872340311E-04  -4.9036471607E-03   8.5853907732E-04   8.3475983198E-04  -6.1736212944E-04
   28     -7.6090852374E-04   3.0510596579E-03  -5.1662340821E-05  -3.7607588683E-04  -7.5760295100E-03
   29      1.5738956548E-03   1.2575330963E-03  -2.5017885416E-04   1.3781041521E-03   7.2377269443E-05
   30     -1.9781476150E-04   2.4702219881E-03  -5.5731624282E-04  -3.6341680114E-04   8.2020598373E-04
   31      2.2600326403E-04  -9.6915935740E-04   4.5193624169E-04  -2.1181736205E-04  -2.1058711351E-02
   32      6.5557988082E-04   6.0319620651E-04  -2.0570668180E-05   1.5612215070E-03   5.4139059764E-03
   33      4.0238469110E-05   2.0796808385E-04   6.1448006292E-04   1.7383327994E-05  -1.3442440595E-01
   34     -1.7337257505E-04   4.4438220660E-04  -6.4712029574E-04   6.9181733382E-05   7.7795268513E-02
   35     -5.9997411771E-06   8.0174347816E-05   1.0798125441E-03  -6.0498709127E-05   9.8477811008E-02
   36      1.4406217646E-04   9.5729880780E-06  -4.8375461530E-04   1.9043427509E-04  -6.0526447289E-02
   37     -6.5066522020E-04  -9.9893659256E-05  -1.0850014357E-06  -4.5080415121E-04   1.5573113839E-02
   38     -2.1228036601E-05  -1.0305842202E-04   2.7253634522E-04  -2.9179516165E-04  -5.8569589008E-02
   39     -3.2421927921E-04  -9.1699761292E-05   2.3081787013E-04   5.0407541527E-04  -4.1228520103E-04
   40     -2.7099678622E-04   4.3349317821E-04   7.2883639680E-04   1.5278429968E-04   3.2755070869E-04
   41     -4.0017227200E-04  -3.2691744648E-04  -2.8271047115E-04   3.5961336893E-04  -1.0365726088E-04
   42      2.7420021241E-03   1.2785084443E-03   2.0425383414E-03   3.2568778928E-04   3.1707481408E-03
   43      5.8874674143E-05   7.6748525799E-04   1.0272307047E-03   3.1329487747E-04  -1.3583161957E-03
   44      1.7042641444E-03   1.2959881413E-03   4.0772195331E-03   2.0675085261E-03   1.0539423454E-04
                   25                 26                 27                 28                 29        
    0     -2.3009224384E-02  -1.3897770304E-02   7.3393727421E-05   9.9604639067E-04   2.8036325854E-04
    1     -8.3329704679E-02  -4.8433421752E-03  -8.0569508502E-04  -1.3215086626E-03   1.0998035302E-03
    2     -2.9379225485E-03  -6.8899852727E-02  -7.2529009885E-05   5.1189821534E-04   3.9363803869E-04
    3      2.1365521071E-02  -5.5990416632E-03   8.1848555717E-04  -4.7654240227E-04   2.1912464339E-04
    4      1.1167106112E-03   5.5460220977E-03   1.3208287614E-03  -9.4530692608E-04   2.6873149160E-04
    5      2.7510059153E-03   8.7601776134E-03   3.2212076178E-05  -7.6521455130E-04   5.2117524234E-04
    6     -2.3588990167E-02   1.1870927212E-03  -6.9931454712E-05  -3.7455701183E-04   1.6458472652E-04
    7      2.1558836509E-03   3.2559881094E-04  -1.2871229706E-04  -1.0391711342E-04   6.8143782496E-05
    8     -3.2429816999E-03   3.1397991515E-03  -3.5894263183E-04  -7.0057237063E-04  -1.5784692843E-05
    9      1.0284536786E-02  -1.6433814699E-03  -1.0649481346E-02   6.2242769075E-03   9.7202689503E-04
   10     -2.1322984383E-02  -6.1572569037E-03  -2.0576553229E-03   5.1622706016E-04  -5.3629363319E-05
   11      2.0679923079E-03  -3.6330305165E-03   2.8733736285E-02  -1.3952737680E-02  -4.0731423774E-03
   12      2.4502776265E-03  -1.8348448067E-03  -1.0131196467E-03  -1.2627906385E-04   5.0489845576E-04
   13     -2.4745795485E-03  -7.2269106865E-04  -1.3030349003E-04  -1.0684974966E-04   1.7552689673E-04
   14     -1.4844273367E-04   5.9946468927E-03  -1.3053771177E-04  -2.2343729897E-06   5.3157957044E-04
   15     -5.3312858866E-03   5.3415334322E-03  -6.3982542384E-02  -1.3373222289E-02   6.2986486417E-02
   16     -1.6591299380E-01   1.5180170451E-02  -1.3890117301E-02  -5.1609740046E-02   3.9028321183E-02
   17      1.8347484238E-02  -8.2218253178E-02   6.1554910919E-02   3.7146319160E-02  -2.9194274351E-01
   18      3.0537768313E-04   8.5211058572E-04   1.6718877314E-03  -3.6700625056E-04   4.6418958457E-04
   19     -1.0173209494E-03   6.6006703376E-04   4.6663600438E-04   1.0891234191E-03   2.8353283998E-04
   20     -1.1565532682E-03   5.2561255108E-04  -3.2872340311E-04  -7.6090852374E-04   1.5738956548E-03
   21      1.4661770458E-04   8.2318187082E-04  -4.9036471607E-03   3.0510596579E-03   1.2575330963E-03
   22     -1.1891202443E-04  -4.9948271490E-04   8.5853907732E-04  -5.1662340821E-05  -2.5017885416E-04
   23     -7.0301984166E-04  -2.8510765551E-04   8.3475983198E-04  -3.7607588683E-04   1.3781041521E-03
   24     -8.3584462888E-02  -1.8533182052E-02  -6.1736212944E-04  -7.5760295100E-03   7.2377269443E-05
   25      4.7105224059E-01   9.8171335863E-03   1.1326447889E-03  -9.0474314164E-03  -5.6148088117E-05
   26      9.8171335863E-03   5.6289505489E-01   4.4596228858E-04   3.1852424895E-02  -4.3644141843E-03
   27      1.1326447889E-03   4.4596228858E-04   6.9871671239E-02   7.9330113170E-03  -6.9398002970E-02
   28     -9.0474314164E-03   3.1852424895E-02   7.9330113170E-03   6.1543357678E-02  -4.2760886613E-02
   29     -5.6148088117E-05  -4.3644141843E-03  -6.9398002970E-02  -4.2760886613E-02   3.1512831099E-01
   30      9.9600552293E-04   5.9231661501E-04   6.3678465672E-03   4.0901394487E-03   5.4417608535E-03
   31     -1.0665955698E-02  -1.8555765690E-02   4.1508604014E-03   1.9863783033E-03   3.6721364998E-03
   32      5.8949178468E-03   3.7334982020E-03  -2.1134574687E-02  -1.2938765082E-02  -1.6839416340E-02
   33      7.7907966104E-02   9.6596004240E-02   8.9944704878E-04  -1.0850987193E-04  -1.0092245902E-03
   34     -1.1800788590E-01  -8.5682989401E-02   1.6453026361E-05   1.2628179855E-03  -5.0615006450E-04
   35     -8.7956499703E-02  -1.5291215003E-01  -2.4061834883E-04   5.9736341980E-04   1.8426346383E-03
   36      1.7883347822E-02  -6.4135055674E-02   6.3661311669E-04  -1.7791379449E-03   2.8279773565E-04
   37     -6.1084789771E-02   5.3857481181E-02   4.4932598695E-04  -5.6842701262E-03   1.1808390867E-03
   38      5.5803919653E-02  -2.7184770864E-01  -1.3896793102E-04   1.0387772856E-03   1.3675495880E-03
   39     -8.0386536940E-04   2.2581149952E-03   3.7687194131E-04  -9.8159162650E-06  -1.3516873875E-04
   40      1.6243281981E-04  -7.8104972797E-04  -1.1634249289E-04   4.8749909220E-05   2.8966582259E-04
   41     -2.1626461375E-04   1.9151809978E-03  -6.9703619655E-05  -4.1270424188E-05   1.5669481565E-04
   42      4.9049817006E-03  -3.3884083479E-03   5.1986719231E-04   1.7642016489E-03  -2.2694484707E-03
   43     -1.5047095040E-03  -1.3257412441E-04   9.3289151510E-04   2.4240320257E-03  -3.4867168087E-03
   44      1.8716326997E-03  -2.8034533654E-03   4.3672074637E-04   2.1988911870E-03  -5.6580815890E-03
                   30                 31                 32                 33                 34        
    0     -3.5988838017E-04  -2.1346556792E-04   6.6237553134E-04  -1.9829492044E-02  -3.3051229548E-03
    1     -2.7540879558E-04  -6.1243634549E-03   2.4293211676E-03   1.7341292244E-02   5.7746539134E-03
    2      4.3044361104E-04  -1.9979685926E-05   1.3553461497E-03   1.9608675250E-02   8.1495088367E-03
    3     -3.2906877842E-03   1.4320173662E-03   1.5288107200E-03  -3.3834446549E-03  -2.4186941908E-03
    4      9.7072726855E-04  -1.4788724421E-03  -2.2116138033E-04  -2.9979646150E-03  -1.2811246931E-03
    5      1.3695824404E-04  -7.1973621512E-05   8.5149237180E-04  -1.8698670601E-04  -1.1835481192E-03
    6     -5.8368027158E-05  -1.5120384318E-03   4.9184576008E-04   1.2854455300E-03   1.5857033369E-03
    7      1.1211113589E-04   2.6377490295E-04   1.4064764602E-04  -1.2162025726E-03  -1.0823351857E-04
    8      1.1013681953E-04   2.3773450597E-04   1.6535253039E-04  -1.5005738081E-04   2.2269456581E-04
    9     -1.7349488652E-02   1.0117910529E-02   6.1311419776E-03  -7.2058235113E-04  -1.8576231958E-03
   10     -1.1998174774E-02   6.1830213918E-03   2.9828454852E-03  -3.8284292485E-04  -5.1366673481E-03
   11     -1.6567111141E-02   7.8356952694E-03   3.1785662317E-03   7.2056217425E-04   9.9654410277E-05
   12     -1.7772454909E-03   7.0855420449E-04   1.2487445402E-03  -1.5424774829E-03  -3.0066083007E-04
   13     -6.7745579322E-04   2.1287242748E-04   3.5263818553E-04   7.8913239337E-04  -1.8514783953E-04
   14      1.6390313191E-04  -2.0777323051E-04  -1.2537796522E-04  -8.8298325106E-04  -2.9818173942E-04
   15     -1.6954585896E-01  -7.8191762698E-02  -1.0838393698E-01   2.6602168779E-03   1.8398516781E-02
   16     -7.9884619400E-02  -9.6972281356E-02  -7.0177564721E-02  -2.4853652670E-03  -1.3769556695E-02
   17     -1.0810203184E-01  -6.8955237922E-02  -1.4415941511E-01  -2.5517772277E-03  -1.7843177444E-02
   18     -1.0673606030E-03   6.5589744151E-04   2.0159615387E-04   2.5106828222E-04   1.0352415388E-03
   19      1.1281733720E-03  -5.9767858515E-04   4.6963357240E-04   1.4741056720E-04  -2.3824652969E-04
   20     -1.9781476150E-04   2.2600326403E-04   6.5557988082E-04   4.0238469110E-05  -1.7337257505E-04
   21      2.4702219881E-03  -9.6915935740E-04   6.0319620651E-04   2.0796808385E-04   4.4438220660E-04
   22     -5.5731624282E-04   4.5193624169E-04  -2.0570668180E-05   6.1448006292E-04  -6.4712029574E-04
   23     -3.6341680114E-04  -2.1181736205E-04   1.5612215070E-03   1.7383327994E-05   6.9181733382E-05
   24      8.2020598373E-04  -2.1058711351E-02   5.4139059764E-03  -1.3442440595E-01   7.7795268513E-02
   25      9.9600552293E-04  -1.0665955698E-02   5.8949178468E-03   7.7907966104E-02  -1.1800788590E-01
   26      5.9231661501E-04  -1.8555765690E-02   3.7334982020E-03   9.6596004240E-02  -8.5682989401E-02
   27      6.3678465672E-03   4.1508604014E-03  -2.1134574687E-02   8.9944704878E-04   1.6453026361E-05
   28      4.0901394487E-03   1.9863783033E-03  -1.2938765082E-02  -1.0850987193E-04   1.2628179855E-03
   29      5.4417608535E-03   3.6721364998E-03  -1.6839416340E-02  -1.0092245902E-03  -5.0615006450E-04
   30      1.8376490337E-01   8.5573706284E-02   1.1784649876E-01  -1.9638755349E-04  -8.2421233060E-05
   31      8.5573706284E-02   1.0723036397E-01   7.5632604537E-02   1.2000404995E-04  -1.5489298161E-03
   32      1.1784649876E-01   7.5632604537E-02   1.5292765513E-01   1.5880114110E-04   3.1787085641E-04
   33     -1.9638755349E-04   1.2000404995E-04   1.5880114110E-04   1.4777774624E-01  -8.6502300889E-02
   34     -8.2421233060E-05  -1.5489298161E-03   3.1787085641E-04  -8.6502300889E-02   1.2774156274E-01
   35      2.4557558109E-04   1.9260827231E-05  -6.1796029321E-06  -1.0601150416E-01   9.2364407820E-02
   36      8.1958579469E-04   5.8823040080E-04   4.5570846877E-04   5.7953766780E-03  -4.4262727087E-03
   37     -1.2630602920E-04   1.8328704980E-03  -4.5974237698E-04  -4.7745876888E-03   3.0651549097E-03
   38      7.2291230595E-04   2.4573986373E-04   1.2062353404E-03  -6.0439631041E-03   4.4114170411E-03
   39      7.2639388258E-04  -2.9694175721E-04  -1.8435714971E-04  -1.8563026510E-04   4.0047745791E-05
   40      3.3177982996E-05   2.0905458200E-04   1.6850587762E-04   2.5845514234E-04   1.1556977423E-04
   41     -8.7501571607E-05   2.7869972874E-05   9.6190652766E-05  -1.8681867071E-04  -1.8008448064E-04
   42     -1.3238721399E-03  -6.6114395466E-05  -4.3776690441E-03   1.4051515565E-03   1.3639577524E-03
   43     -3.4132586644E-04  -9.8219096746E-04  -5.0264046945E-03  -4.9744163353E-04   2.9631533145E-03
   44     -1.0347171779E-03   5.8072652065E-04  -4.6007489818E-03   1.0378370112E-03   8.2446850141E-04
                   35                 36                 37                 38                 39        
    0     -5.0377877757E-03  -1.3735787313E-02  -6.5872726504E-04  -3.4052286092E-03   1.5035002324E-02
    1      3.8306065934E-03   1.0096879376E-02   2.8385479684E-03  -1.9671283283E-04  -5.4993340687E-03
    2      5.3273460953E-03  -2.9971342878E-02  -7.1667304027E-03  -2.0516583464E-03  -1.6106951263E-03
    3      4.5594945839E-04  -1.6746230083E-03  -1.0642206863E-03  -2.5963428560E-04  -1.4625188727E-01
    4     -4.0238635506E-04  -1.7770186075E-03   3.9322948152E-04  -2.6918370969E-03   1.7671987230E-02
    5      1.1898372416E-03  -4.9667395464E-04   2.2003070803E-04   1.3128468059E-03  -9.7645149869E-03
    6      1.7615815484E-03   2.8879926594E-04   2.3908054687E-05   3.1475874571E-04   6.8722486391E-04
    7     -2.3494568514E-04  -4.6400796090E-04  -3.8815628067E-04  -1.2010068841E-03  -4.7878990583E-04
    8      3.8664239580E-04   7.8901836503E-04   2.1628016363E-04  -1.1811161368E-04  -1.2118787923E-03
    9      1.2307702563E-05   1.6341629019E-05   8.2631508881E-05  -6.7731874203E-04   4.2425388543E-03
   10      3.1364722372E-03  -1.4051251649E-04  -5.7774071010E-04   8.6942966288E-04  -7.0966974970E-03
   11      4.0809069407E-04  -1.1727684806E-03   1.2929537609E-03  -1.0105416015E-03  -4.1440432052E-03
   12      7.5519638827E-05  -2.0959427062E-03  -1.5470914240E-04  -4.6472408962E-04   1.0189626047E-01
   13      8.3692223594E-04  -1.8721051651E-07  -1.2561957353E-04  -7.5773023269E-05   2.9435193647E-03
   14     -9.4276330739E-05   1.3735646293E-03   1.1337339676E-04   2.7445738892E-04  -5.7383600129E-03
   15     -4.6483191700E-03   1.2138725338E-04   5.8342418872E-03   9.7532366694E-04   4.7910854326E-04
   16      5.9554300736E-03  -1.8309518525E-03  -6.5971443727E-03  -5.4672842002E-04   2.3411917088E-03
   17      3.9488800936E-03   5.4078192104E-03   2.9723244488E-02  -2.9879843720E-03   1.6216441747E-03
   18     -1.7716920235E-04   1.7121707465E-04   8.4954631327E-04   9.7786485041E-05  -2.4502856573E-04
   19      2.2281550483E-05   2.5500823229E-04  -2.9793178070E-04   6.3356226469E-05  -6.3539553317E-05
   20     -5.9997411771E-06   1.4406217646E-04  -6.5066522020E-04  -2.1228036601E-05  -3.2421927921E-04
   21      8.0174347816E-05   9.5729880780E-06  -9.9893659256E-05  -1.0305842202E-04  -9.1699761292E-05
   22      1.0798125441E-03  -4.8375461530E-04  -1.0850014357E-06   2.7253634522E-04   2.3081787013E-04
   23     -6.0498709127E-05   1.9043427509E-04  -4.5080415121E-04  -2.9179516165E-04   5.0407541527E-04
   24      9.8477811008E-02  -6.0526447289E-02   1.5573113839E-02  -5.8569589008E-02  -4.1228520103E-04
   25     -8.7956499703E-02   1.7883347822E-02  -6.1084789771E-02   5.5803919653E-02  -8.0386536940E-04
   26     -1.5291215003E-01  -6.4135055674E-02   5.3857481181E-02  -2.7184770864E-01   2.2581149952E-03
   27     -2.4061834883E-04   6.3661311669E-04   4.4932598695E-04  -1.3896793102E-04   3.7687194131E-04
   28      5.9736341980E-04  -1.7791379449E-03  -5.6842701262E-03   1.0387772856E-03  -9.8159162650E-06
   29      1.8426346383E-03   2.8279773565E-04   1.1808390867E-03   1.3675495880E-03  -1.3516873875E-04
   30      2.4557558109E-04   8.1958579469E-04  -1.2630602920E-04   7.2291230595E-04   7.2639388258E-04
   31      1.9260827231E-05   5.8823040080E-04   1.8328704980E-03   2.4573986373E-04  -2.9694175721E-04
   32     -6.1796029321E-06   4.5570846877E-04  -4.5974237698E-04   1.2062353404E-03  -1.8435714971E-04
   33     -1.0601150416E-01   5.7953766780E-03  -4.7745876888E-03  -6.0439631041E-03  -1.8563026510E-04
   34      9.2364407820E-02  -4.4262727087E-03   3.0651549097E-03   4.4114170411E-03   4.0047745791E-05
   35      1.6398731411E-01   1.8709488872E-02  -1.5700049920E-02  -2.0860854818E-02   1.2537825212E-05
   36      1.8709488872E-02   7.0259576049E-02  -1.6352752722E-02   6.6566859284E-02   1.1652803949E-03
   37     -1.5700049920E-02  -1.6352752722E-02   6.6650633046E-02  -6.0814081754E-02   1.3061258006E-04
   38     -2.0860854818E-02   6.6566859284E-02  -6.0814081754E-02   2.9123067661E-01  -3.2323471841E-05
   39      1.2537825212E-05   1.1652803949E-03   1.3061258006E-04  -3.2323471841E-05   4.9275386853E-02
   40      2.5073244485E-05  -1.1187894616E-04  -6.9847991394E-05   4.3079177205E-05  -1.7018293511E-03
   41     -1.9300104952E-04   3.5903739636E-04   6.9719547957E-05  -1.3110780238E-04  -1.8027788693E-04
   42     -4.8717338570E-03  -1.2509499277E-03   2.0906479394E-04   1.6787697463E-03  -2.6697537064E-02
   43     -4.1654488235E-03  -1.3782385171E-03   4.6149704259E-05   1.9757983615E-03  -7.5414902897E-03
   44     -2.9577849881E-03   8.3544800455E-04  -6.2976211258E-04   3.9292246600E-03   1.8309105595E-02
                   40                 41                 42                 43                 44        
    0      1.0584620893E-03  -4.3563417307E-03   3.7328250639E-03   8.1986211903E-03   4.1865402179E-04
    1      1.3521426789E-04   2.9854586368E-03  -2.1194686214E-03   4.2509586715E-05  -1.2777014377E-03
    2     -2.3861178950E-04  -1.8067957323E-03  -9.1005991308E-04  -1.6215611413E-03  -3.9005352935E-03
    3     -2.0531372831E-03   1.8940988480E-02   9.4271178264E-04  -6.9060407828E-03   3.8805773915E-03
    4      2.5619252492E-03  -7.0208950245E-03   5.9737153498E-03   1.8133352881E-03   1.3572288949E-03
    5     -3.2035801050E-04   5.5970758669E-03   2.4152737725E-03  -1.3094950425E-03  -6.0016987536E-04
    6     -1.6254415834E-05   1.5797600179E-04  -4.6857504327E-03  -5.9803618852E-03  -5.6075014459E-03
    7      2.3357570594E-04  -2.5322897156E-04   3.0227642004E-03   4.5059540114E-04   3.7340836685E-03
    8      6.6092046418E-04  -9.2138571956E-04   1.4310346080E-03   1.0238430695E-03   1.2560934656E-03
    9      3.1506543428E-04  -4.4747614331E-04   1.4465523822E-03   5.3238463651E-03   3.0040984538E-03
   10      2.9271805165E-03  -5.1973636653E-05   2.2120934423E-03  -4.3997140375E-04   1.8665584171E-03
   11     -1.8691658866E-05  -1.9512508607E-03   8.2296660478E-03   5.4871338677E-03   6.2952722089E-04
   12      1.3776809211E-04  -6.8641601280E-03   3.8552113445E-06   1.1053035639E-02  -1.2486593098E-03
   13     -9.7453238022E-03   3.7036097837E-03  -6.7351771870E-03   1.6780765624E-03   2.7750029247E-03
