
$orca_hessian_file

$act_atom
  0

$act_coord
  0

$act_energy
     -270.654175

$multiplicity
  1

$hessian
45
                    0                  1                  2                  3                  4        
    0      3.9420324995E-01   7.6678277714E-02   2.2743489612E-01  -8.3015990310E-02   3.1767160177E-03
    1      7.6678277714E-02   8.3393436679E-01   6.3859987837E-02  -2.3430688319E-03  -5.2924199403E-01
    2      2.2743489612E-01   6.3859987837E-02   3.5091232513E-01  -2.4234994206E-02   6.1007246357E-03
    3     -8.3015990310E-02  -2.3430688319E-03  -2.4234994206E-02   3.9465028170E-01  -7.9044755628E-02
    4      3.1767160177E-03  -5.2924199403E-01   6.1007246357E-03  -7.9044755628E-02   8.2682781805E-01
    5     -2.4043676447E-02  -4.0408368833E-03  -7.3492621647E-02   2.2860665825E-01  -6.7635450872E-02
    6     -1.5474344743E-01  -1.0099243856E-01  -1.0474361873E-01   5.3160450351E-03   4.5173936794E-03
    7     -9.8258709879E-02  -1.5064220030E-01  -8.6323188018E-02  -2.0517916562E-02  -8.8507583621E-03
    8     -1.0653471635E-01  -9.0182619609E-02  -1.3187372641E-01  -2.3510173677E-05   4.2045059645E-03
    9     -2.2983001580E-03  -1.4838513676E-02  -1.1580191091E-02  -1.3298988844E-01  -3.6777525121E-02
   10     -2.2310553628E-02  -2.5996526670E-02  -2.3816513224E-02  -2.6395841885E-02  -9.9310151908E-02
   11     -7.8069655395E-03  -1.3058250289E-02  -7.2105184715E-04  -5.8733622294E-02  -3.3259067517E-02
   12      3.9103580409E-03  -4.2000883311E-03   1.4862245089E-03  -1.5469560498E-01   1.0372758647E-01
   13      2.1373029956E-02  -8.1862904200E-03   1.8367587725E-02   9.8392224268E-02  -1.5112269685E-01
   14      1.2396964536E-03  -2.7888297727E-03   3.6538950346E-03  -1.0540758147E-01   9.1403149699E-02
   15     -2.2936797597E-02  -1.4167348791E-02  -1.5378610712E-02  -2.3544114697E-02   1.5941735990E-02
   16     -7.5785406521E-03   3.0123946997E-03  -9.9494474362E-03   7.5955674500E-03   2.5176358833E-03
   17     -2.2660004798E-02  -1.6748519371E-02  -1.5037867168E-02  -2.2053349270E-02   1.5910970053E-02
   18     -2.8071503091E-03  -2.5955272622E-04  -3.2827448441E-03  -1.1195517489E-02  -1.5924328520E-02
   19     -1.0913182399E-03  -2.3767743652E-05  -3.2808385653E-04  -5.1287824777E-03  -8.2971102466E-03
   20     -2.7889537311E-03  -8.4717632432E-04  -2.3066895767E-03  -1.2747911055E-02  -1.7566106764E-02
   21     -1.5654185379E-03  -6.4366668972E-04  -2.1902498571E-03   1.2280875654E-02  -1.0184092669E-02
   22     -1.0261596486E-03   4.6424039113E-04  -1.3908221467E-03   2.1280525984E-03  -5.9943018935E-03
   23     -2.4502544240E-03   1.4883887563E-03  -1.5171675289E-03   6.7576134304E-03  -1.0669821698E-02
   24     -1.3317092663E-01   3.5362267480E-02  -5.7594792730E-02  -2.2364325786E-03   1.4696261892E-02
   25      2.7877512055E-02  -9.8486639393E-02   2.6397176430E-02   2.2101470198E-02  -2.4105626149E-02
   26     -5.8752515846E-02   3.5293381483E-02  -1.2353147906E-01  -7.7206582876E-03   1.4814767544E-02
   27      1.2296051780E-03  -1.4073018422E-03  -3.6715383337E-04   7.0643175587E-04   1.7056422348E-03
   28     -2.5049091775E-04  -4.5233755968E-04  -2.7864503095E-04  -1.3570951001E-04  -5.7175588153E-04
   29     -3.8597801900E-04   5.8048699009E-04   4.8907158748E-04  -2.7123485637E-04   5.0406838654E-05
   30     -1.3847649719E-03  -1.3752571854E-03  -1.9264531093E-03  -1.6145712076E-03   2.6396380815E-03
   31     -1.9886629634E-03  -4.8014677905E-03  -8.2529311844E-04   1.9949081530E-03  -4.3045565068E-03
   32     -5.7025971874E-04  -8.4744541280E-04   6.1033991088E-04  -1.7066550497E-04   4.7191554596E-04
   33     -1.0091896999E-02   1.6233194122E-02   1.2180580223E-02  -2.3210426062E-03   1.4611706138E-03
   34      4.0566927163E-03  -6.9156536799E-03  -2.0895879934E-03   4.1567539836E-04  -6.3327907494E-06
   35     -1.2453101681E-02   1.8340068434E-02   1.2447839283E-02  -2.4079345977E-03   2.0154331321E-03
   36      1.2313861407E-02   1.1209149687E-02  -1.9219285553E-02  -1.8864064782E-03   7.7122975066E-04
   37     -2.4512445913E-03  -6.1863988130E-03   1.0414705445E-02   6.9522509389E-04  -4.6267717112E-05
   38      6.7293282770E-03   1.1276601556E-02  -1.5900922699E-02  -1.9539698910E-03   9.1133466928E-05
   39     -1.0849807119E-03   1.0441852830E-03   1.0075356126E-04  -5.9438712665E-04  -6.2500252936E-04
   40      3.7757630389E-04   7.6930509120E-04   4.5339393496E-04   8.1225996555E-05   2.1013069984E-04
   41      1.2588146911E-03   4.1396600872E-04  -9.5998178400E-05   1.1252085500E-03   3.7672774184E-04
   42      1.4425990829E-03  -1.4199008820E-03  -9.4203013177E-04   1.1403217686E-03  -5.5645469654E-03
   43      2.5359389870E-03  -7.2470305716E-03  -2.9096948232E-04  -3.5539755917E-04   2.2959677016E-03
   44      2.0413613968E-03  -3.0402291039E-03  -3.6359468306E-03  -2.9035748974E-04  -5.4789465912E-03
                    5                  6                  7                  8                  9        
    0     -2.4043676447E-02  -1.5474344743E-01  -9.8258709879E-02  -1.0653471635E-01  -2.2983001580E-03
    1     -4.0408368833E-03  -1.0099243856E-01  -1.5064220030E-01  -9.0182619609E-02  -1.4838513676E-02
    2     -7.3492621647E-02  -1.0474361873E-01  -8.6323188018E-02  -1.3187372641E-01  -1.1580191091E-02
    3      2.2860665825E-01   5.3160450351E-03  -2.0517916562E-02  -2.3510173677E-05  -1.3298988844E-01
    4     -6.7635450872E-02   4.5173936794E-03  -8.8507583621E-03   4.2045059645E-03  -3.6777525121E-02
    5      3.5241847690E-01   2.8581456180E-03  -1.8284519086E-02   4.9480409351E-03  -5.9012891734E-02
    6      2.8581456180E-03   1.5428683943E-01   1.0963453948E-01   1.1657374541E-01   4.7478997195E-03
    7     -1.8284519086E-02   1.0963453948E-01   1.5519114997E-01   9.3540634349E-02  -2.1325881330E-05
    8      4.9480409351E-03   1.1657374541E-01   9.3540634349E-02   1.2768056357E-01  -6.3197188865E-03
    9     -5.9012891734E-02   4.7478997195E-03  -2.1325881330E-05  -6.3197188865E-03   4.7627327079E-01
   10     -2.4385774678E-02   1.1207452254E-03  -4.7099374304E-03   3.8902616012E-04   4.9924433786E-02
   11     -1.2550182243E-01  -5.2357455596E-03   1.5205392865E-03   6.9851990501E-03  -6.4203415845E-02
   12     -1.0596398102E-01  -7.0487794424E-04   8.4129848728E-04   3.0390571292E-03  -6.5503670191E-03
   13      8.8173217139E-02   1.7365425383E-03   1.1260046733E-03   5.9381029009E-04  -9.9548940967E-03
   14     -1.3214031737E-01   3.8259355285E-03   1.8775398253E-03  -2.7438507466E-03  -7.4547241020E-03
   15     -1.5431082937E-02  -4.2597311482E-04   2.3849220387E-03  -2.3103918474E-03  -1.0123589533E-01
   16      9.5076007549E-03   1.4844923463E-03  -1.3974026536E-03   1.2216048245E-03   5.0673779708E-02
   17     -1.5145842744E-02  -3.4508014225E-03   3.4258992666E-03  -5.9963056305E-04  -1.7796797285E-02
   18      1.0079351672E-02   1.1431170386E-03  -6.0401583659E-04  -8.4417981592E-04  -1.3152746303E-01
   19      2.7266175289E-03   1.2715312218E-04  -4.5770097703E-04  -5.4734948233E-04  -1.0607689069E-01
   20      1.1815027681E-02   1.0308116230E-03  -9.3759935054E-04  -1.1523375744E-03   6.0377741691E-02
   21     -1.9045401185E-02  -6.3801079221E-04  -3.4837136765E-05   1.3820651859E-03  -9.7444122263E-02
   22     -1.0362473377E-02  -9.0272311523E-04  -3.1728699814E-04   8.0452255208E-04   4.4316703470E-02
   23     -1.7194197865E-02  -1.0927982095E-03  -3.2895135146E-04   1.1690518106E-03   9.3921330939E-02
   24     -9.8392622536E-03  -4.3167982772E-03   8.7750277427E-03  -5.2978945016E-03   6.8660602062E-03
   25      2.3904498712E-02  -9.2882944941E-03   1.1056207923E-02  -1.0095259359E-02  -6.1288072226E-03
   26     -1.0435714760E-03  -3.1443367548E-03   8.7004360379E-03  -2.1385630754E-03   5.7928558271E-03
   27     -1.6133383051E-04  -7.9355740512E-04   2.5146029539E-04  -2.5060740687E-04  -1.9815075675E-02
   28     -1.1212309650E-04  -2.0861367390E-04  -1.0293055022E-05  -3.4473963710E-04   1.5898328835E-02
   29      3.1413985955E-04   3.6774021108E-04   1.1548522766E-04  -4.4624571468E-05   8.0908009064E-04
   30     -1.5708291045E-03  -5.6035105503E-04   5.5188311336E-04  -4.6731786917E-04  -4.3210026461E-03
   31      1.4660104081E-03  -8.6676813789E-04   9.7639449264E-04  -3.8764211445E-04   7.9532820213E-03
   32      3.4835235624E-04  -2.1339528300E-04   2.0550705405E-04   2.7064295543E-04   1.7988804589E-04
   33     -2.3726251023E-03   9.2212626292E-04  -6.2016719408E-04   5.8280230248E-05  -3.1051176607E-03
   34     -2.7447031307E-04   2.9638981632E-04  -2.4851978631E-04   4.1276194379E-04  -2.2430811753E-03
   35     -2.1985278971E-03   3.6670354662E-04  -1.0391775307E-03   2.0953142955E-04  -2.7151335744E-03
   36     -1.7523369067E-03  -6.3866407485E-05  -4.2948016528E-04   9.8035145689E-04  -5.7394215109E-04
   37      8.8139029189E-04  -1.6233823871E-04  -1.2315292242E-04   2.7628057899E-05  -1.2461372493E-03
   38     -6.8967874143E-04   1.7657563057E-04   6.4982498122E-04  -2.7341865397E-04   8.3522236189E-04
   39      5.8933645939E-04   1.6339689044E-03   1.3859884906E-03   7.5544659978E-04   3.4695302634E-03
   40     -7.6405392129E-04  -6.4043812973E-04  -5.5588938989E-04  -2.5245850835E-05  -1.7848053126E-04
   41      4.5861113306E-04   1.3031777763E-03   1.5268387314E-03   8.2414095590E-05  -2.7350252444E-03
   42     -3.4137626149E-03  -5.8031139622E-03  -2.7310046003E-03  -2.6136261727E-03   8.5044133889E-03
   43     -1.6299737871E-03  -6.4633042499E-03  -1.0366151807E-03  -3.9901848703E-04   9.9966563290E-03
   44     -2.8960686983E-03  -6.7491223688E-03  -3.8618890246E-03  -2.5192922466E-03   1.0683603423E-02
                   10                 11                 12                 13                 14        
    0     -2.2310553628E-02  -7.8069655395E-03   3.9103580409E-03   2.1373029956E-02   1.2396964536E-03
    1     -2.5996526670E-02  -1.3058250289E-02  -4.2000883311E-03  -8.1862904200E-03  -2.7888297727E-03
    2     -2.3816513224E-02  -7.2105184715E-04   1.4862245089E-03   1.8367587725E-02   3.6538950346E-03
    3     -2.6395841885E-02  -5.8733622294E-02  -1.5469560498E-01   9.8392224268E-02  -1.0540758147E-01
    4     -9.9310151908E-02  -3.3259067517E-02   1.0372758647E-01  -1.5112269685E-01   9.1403149699E-02
    5     -2.4385774678E-02  -1.2550182243E-01  -1.0596398102E-01   8.8173217139E-02  -1.3214031737E-01
    6      1.1207452254E-03  -5.2357455596E-03  -7.0487794424E-04   1.7365425383E-03   3.8259355285E-03
    7     -4.7099374304E-03   1.5205392865E-03   8.4129848728E-04   1.1260046733E-03   1.8775398253E-03
    8      3.8902616012E-04   6.9851990501E-03   3.0390571292E-03   5.9381029009E-04  -2.7438507466E-03
    9      4.9924433786E-02  -6.4203415845E-02  -6.5503670191E-03  -9.9548940967E-03  -7.4547241020E-03
   10      5.5207292136E-01   1.5078385195E-02   1.1210947821E-02   9.7880704164E-03   1.1325504717E-02
   11      1.5078385195E-02   5.0486061499E-01  -5.1710023533E-03  -5.8263366914E-03  -3.3034791094E-03
   12      1.1210947821E-02  -5.1710023533E-03   1.5180566221E-01  -1.0869271784E-01   1.1783998498E-01
   13      9.7880704164E-03  -5.8263366914E-03  -1.0869271784E-01   1.5541428011E-01  -9.8652051177E-02
   14      1.1325504717E-02  -3.3034791094E-03   1.1783998498E-01  -9.8652051177E-02   1.2652972852E-01
   15      4.0273916783E-02  -1.6523923733E-02  -3.3488753910E-04  -1.0687008170E-03  -2.4028474639E-03
   16     -1.3754590727E-01   1.8819237309E-02   3.4853018567E-04  -1.1595506486E-03  -3.0761266130E-04
   17      1.9059845167E-02  -7.4382581007E-02  -4.3147076385E-03  -2.7370703619E-03  -8.6417714258E-04
   18     -1.0744071541E-01   6.1525665976E-02  -1.9112130058E-04   4.3682782109E-04  -3.1253204248E-04
   19     -1.7932966929E-01   7.8532216000E-02  -1.6084743602E-04   5.0916121674E-05  -1.3825672032E-04
   20      8.0163381717E-02  -9.1174195419E-02   7.5836970866E-04   8.7341774839E-04   3.0171455664E-04
   21      4.3374825533E-02   9.2111429886E-02   1.1235644024E-03   2.0001598856E-03   7.8145135745E-04
   22     -8.1169016496E-02  -7.6352951036E-02  -8.4205792423E-05   1.4348036385E-03   5.7623121376E-04
   23     -7.4674038932E-02  -2.0885244396E-01  -6.1077157773E-04   4.8952228547E-04   7.5709321397E-04
   24      6.7269279134E-03   5.3204629686E-03   5.0159969283E-03  -3.3420383418E-05  -6.4066306668E-03
   25     -3.0848172176E-02   3.0981289204E-03  -1.4078167252E-03  -4.7926209261E-03  -3.1142040324E-04
   26     -1.4762646568E-03  -1.5633559554E-03  -5.9065073544E-03  -6.7657559104E-04   6.6416252332E-03
   27      8.1024581881E-03   1.8199768285E-02  -6.0515015943E-04   2.1807143548E-04  -4.5997057413E-04
   28     -4.8847933761E-03  -9.8279348462E-03  -4.7126545565E-04  -2.5741994474E-04   1.0113239599E-04
   29     -3.3411152692E-03  -3.3328459210E-03   6.3582357728E-04  -7.3972441215E-05  -1.1974513547E-04
   30     -4.0250828411E-04  -1.2240929309E-02   7.5612424308E-05  -3.9005232258E-04  -4.4747557274E-04
   31      2.7535400610E-03   2.3363745593E-02   7.7225380160E-04   9.3257368402E-04   6.0824037118E-04
   32     -3.0925030712E-03  -3.0100320762E-03  -7.3545727403E-04  -1.0140366954E-06   2.6817035437E-04
   33     -2.8750139090E-03   1.3303265319E-04   1.2612533324E-03   7.7680849822E-04  -9.6188488678E-04
   34     -3.6721964861E-03  -1.1752666994E-03  -7.6462779199E-04  -8.6168189115E-04   5.1794103966E-04
   35      2.4996111099E-04   6.2842858189E-04   9.9178701666E-04   8.4624209966E-04  -1.2094134453E-03
   36     -6.3306028849E-05  -1.3226479961E-03  -1.3661779305E-03   1.1886220584E-03   1.5955117593E-03
   37     -1.0017519984E-03   2.2248870854E-04   5.8239410942E-04  -4.3831100493E-04  -1.0339832455E-03
   38      5.5288899761E-04   3.1070932174E-04  -1.1199967328E-03   3.1697626948E-04   1.8201233207E-03
   39     -3.5705205825E-03  -3.4475703272E-03   1.9049570869E-03   6.9328444814E-04  -5.2989043702E-04
   40      1.5825932195E-04  -4.6748033601E-04   8.1731939420E-04   1.3574463151E-03   4.9667213671E-04
   41      2.5735212902E-03   4.4267083908E-03   1.9098074911E-03   1.2718788694E-03   9.3762680143E-04
   42      1.0266759722E-03  -3.3863614291E-03  -6.4921755093E-04  -6.2453913191E-03  -9.8223053611E-04
   43      3.6953319421E-03  -8.5578107694E-04  -2.9491550305E-03  -3.2855232771E-03  -2.6102086604E-03
   44      1.5820229549E-03  -5.3698526072E-03  -2.7554427909E-03  -4.0296808853E-03  -5.2899408123E-04
                   15                 16                 17                 18                 19        
    0     -2.2936797597E-02  -7.5785406521E-03  -2.2660004798E-02  -2.8071503091E-03  -1.0913182399E-03
    1     -1.4167348791E-02   3.0123946997E-03  -1.6748519371E-02  -2.5955272622E-04  -2.3767743652E-05
    2     -1.5378610712E-02  -9.9494474362E-03  -1.5037867168E-02  -3.2827448441E-03  -3.2808385653E-04
    3     -2.3544114697E-02   7.5955674500E-03  -2.2053349270E-02  -1.1195517489E-02  -5.1287824777E-03
    4      1.5941735990E-02   2.5176358833E-03   1.5910970053E-02  -1.5924328520E-02  -8.2971102466E-03
    5     -1.5431082937E-02   9.5076007549E-03  -1.5145842744E-02   1.0079351672E-02   2.7266175289E-03
    6     -4.2597311482E-04   1.4844923463E-03  -3.4508014225E-03   1.1431170386E-03   1.2715312218E-04
    7      2.3849220387E-03  -1.3974026536E-03   3.4258992666E-03  -6.0401583659E-04  -4.5770097703E-04
    8     -2.3103918474E-03   1.2216048245E-03  -5.9963056305E-04  -8.4417981592E-04  -5.4734948233E-04
    9     -1.0123589533E-01   5.0673779708E-02  -1.7796797285E-02  -1.3152746303E-01  -1.0607689069E-01
   10      4.0273916783E-02  -1.3754590727E-01   1.9059845167E-02  -1.0744071541E-01  -1.7932966929E-01
   11     -1.6523923733E-02   1.8819237309E-02  -7.4382581007E-02   6.1525665976E-02   7.8532216000E-02
   12     -3.3488753910E-04   3.4853018567E-04  -4.3147076385E-03  -1.9112130058E-04  -1.6084743602E-04
   13     -1.0687008170E-03  -1.1595506486E-03  -2.7370703619E-03   4.3682782109E-04   5.0916121674E-05
   14     -2.4028474639E-03  -3.0761266130E-04  -8.6417714258E-04  -3.1253204248E-04  -1.3825672032E-04
   15      4.2197660347E-01  -2.2249366079E-03   1.0462544783E-01   1.1695877119E-02  -1.1593686327E-02
   16     -2.2249366079E-03   4.0121984589E-01  -1.8666732055E-03   1.4566754855E-02  -1.6702535858E-02
   17      1.0462544783E-01  -1.8666732055E-03   5.4644903257E-01  -6.9039396580E-03   6.7030486157E-03
   18      1.1695877119E-02   1.4566754855E-02  -6.9039396580E-03   1.4137702081E-01   1.1454447768E-01
   19     -1.1593686327E-02  -1.6702535858E-02   6.7030486157E-03   1.1454447768E-01   1.9924056237E-01
   20      5.1041589793E-03   4.3421647226E-03  -2.7186640695E-03  -6.6950378992E-02  -8.3454690647E-02
   21     -7.3777841653E-03   6.8952082703E-03   1.2712882738E-02  -8.8348072286E-03   7.4087398187E-03
   22      9.6983234965E-03  -9.8107726971E-03  -1.8637993380E-02  -1.0438647566E-02   8.8288503654E-03
   23     -2.1875657148E-03   4.3438273303E-03   6.9696022519E-03   7.1008978854E-03  -5.1539913093E-03
   24     -1.0042580507E-01  -4.8575024492E-02  -1.6937877255E-02  -2.8823645795E-03   1.3701125258E-03
   25     -4.0527925642E-02  -1.3684313843E-01  -1.8812596672E-02   2.6189233224E-03  -2.6398650159E-03
   26     -1.6743717558E-02  -1.8038302833E-02  -7.2385476927E-02  -3.1833256786E-04   1.8783668667E-03
   27     -3.7090576363E-02   1.6351954571E-04   7.9585906608E-03  -3.1220951938E-05  -1.3677670335E-03
   28     -7.9712980485E-05  -2.7730060234E-02   2.3529163369E-04  -2.4311155939E-04   2.0116184513E-05
   29      1.6631650959E-02  -8.1051087698E-04  -5.8318167285E-02   1.6216484274E-04   8.4954998615E-04
   30     -6.8948175837E-02   9.4986226940E-04  -8.9575057973E-02  -1.0582772653E-03   7.7547368660E-04
   31      5.1722414379E-04  -4.8607045223E-02  -9.5748881109E-04   4.2632096141E-04  -6.7586582153E-04
   32     -9.6870852204E-02  -5.8278252697E-04  -2.8586883157E-01  -5.0015768622E-04   2.6525041136E-04
   33      1.1853835311E-02  -1.4671245829E-02  -5.9895231103E-03   5.6640366994E-04  -3.2555717066E-04
   34      1.1882169141E-02  -1.7113432175E-02  -7.9141476686E-03   4.4598090452E-04  -6.3804150212E-04
   35      4.3503546553E-03  -4.3050131407E-03  -3.1802145910E-03   2.9971677604E-04  -1.5417858083E-04
   36     -7.2848608929E-03  -6.1533704304E-03   1.1944706414E-02   2.9887874495E-04  -3.9289778671E-04
   37     -1.0090194511E-02  -8.8393321673E-03   1.7902451032E-02   2.2605464134E-04  -9.5569891986E-04
   38     -2.2911231649E-03  -5.2628038683E-03   7.0271924307E-03   1.1160417551E-03   6.0089989164E-04
   39     -6.9404658395E-02  -1.2711210499E-05   5.2946768682E-02   7.8314506257E-04   1.1525907991E-04
   40      6.3247363063E-04  -5.8424139897E-05   5.2147358358E-04   3.4508346982E-05   7.4769951895E-04
   41      4.7273685834E-02  -3.8266327379E-04  -3.7020342054E-02  -8.1446935006E-04  -4.7949792219E-04
   42     -6.5167868962E-03  -3.3480006594E-03  -2.3491621167E-04   2.6634797111E-03   1.5411416941E-03
   43     -1.6921442964E-03  -9.4227497421E-04   3.2394269365E-03   1.8659126438E-03   8.3211081112E-04
   44     -8.1166046237E-03   3.9474580634E-03   5.0759678728E-03   2.0210099304E-03  -3.3059356151E-04
                   20                 21                 22                 23                 24        
    0     -2.7889537311E-03  -1.5654185379E-03  -1.0261596486E-03  -2.4502544240E-03  -1.3317092663E-01
    1     -8.4717632432E-04  -6.4366668972E-04   4.6424039113E-04   1.4883887563E-03   3.5362267480E-02
    2     -2.3066895767E-03  -2.1902498571E-03  -1.3908221467E-03  -1.5171675289E-03  -5.7594792730E-02
    3     -1.2747911055E-02   1.2280875654E-02   2.1280525984E-03   6.7576134304E-03  -2.2364325786E-03
    4     -1.7566106764E-02  -1.0184092669E-02  -5.9943018935E-03  -1.0669821698E-02   1.4696261892E-02
    5      1.1815027681E-02  -1.9045401185E-02  -1.0362473377E-02  -1.7194197865E-02  -9.8392622536E-03
    6      1.0308116230E-03  -6.3801079221E-04  -9.0272311523E-04  -1.0927982095E-03  -4.3167982772E-03
    7     -9.3759935054E-04  -3.4837136765E-05  -3.1728699814E-04  -3.2895135146E-04   8.7750277427E-03
    8     -1.1523375744E-03   1.3820651859E-03   8.0452255208E-04   1.1690518106E-03  -5.2978945016E-03
    9      6.0377741691E-02  -9.7444122263E-02   4.4316703470E-02   9.3921330939E-02   6.8660602062E-03
   10      8.0163381717E-02   4.3374825533E-02  -8.1169016496E-02  -7.4674038932E-02   6.7269279134E-03
   11     -9.1174195419E-02   9.2111429886E-02  -7.6352951036E-02  -2.0885244396E-01   5.3204629686E-03
   12      7.5836970866E-04   1.1235644024E-03  -8.4205792423E-05  -6.1077157773E-04   5.0159969283E-03
   13      8.7341774839E-04   2.0001598856E-03   1.4348036385E-03   4.8952228547E-04  -3.3420383418E-05
   14      3.0171455664E-04   7.8145135745E-04   5.7623121376E-04   7.5709321397E-04  -6.4066306668E-03
   15      5.1041589793E-03  -7.3777841653E-03   9.6983234965E-03  -2.1875657148E-03  -1.0042580507E-01
   16      4.3421647226E-03   6.8952082703E-03  -9.8107726971E-03   4.3438273303E-03  -4.8575024492E-02
   17     -2.7186640695E-03   1.2712882738E-02  -1.8637993380E-02   6.9696022519E-03  -1.6937877255E-02
   18     -6.6950378992E-02  -8.8348072286E-03  -1.0438647566E-02   7.1008978854E-03  -2.8823645795E-03
   19     -8.3454690647E-02   7.4087398187E-03   8.8288503654E-03  -5.1539913093E-03   1.3701125258E-03
   20      9.5521793334E-02   1.6721300146E-02   1.9056737834E-02  -1.1379609869E-02  -1.8680742520E-03
   21      1.6721300146E-02   1.0255223683E-01  -4.9402889381E-02  -1.0066415942E-01   1.3789333220E-05
   22      1.9056737834E-02  -4.9402889381E-02   8.7940389939E-02   8.4522077160E-02   7.9395229545E-04
   23     -1.1379609869E-02  -1.0066415942E-01   8.4522077160E-02   2.2859413040E-01   5.8016918781E-04
   24     -1.8680742520E-03   1.3789333220E-05   7.9395229545E-04   5.8016918781E-04   4.7889615394E-01
   25     -5.7038172401E-04   7.9440648168E-04  -7.1520895048E-04  -5.6860468126E-04  -5.3361142585E-02
   26      4.6457180042E-04  -4.8806658147E-04  -7.9467209081E-04  -8.1075433260E-04  -6.2967726130E-02
   27     -1.6158105007E-05  -3.7179061280E-03   3.0604998372E-03  -3.4137537342E-03  -1.9700476663E-02
   28     -3.1380008249E-04   2.3690207813E-03  -2.3998219023E-03   9.2945918023E-04  -1.8099236432E-02
   29      8.0166980775E-04   7.9226123268E-04  -3.4730873367E-04   2.2540017823E-03   7.6235938892E-04
   30      2.0491658548E-04   1.5498132944E-03  -1.3148858502E-03   6.2648664125E-04  -3.8786687940E-03
   31      3.6550663133E-04  -7.2514238758E-04   1.5271071467E-03  -1.3632528028E-05  -7.7791246618E-03
   32      1.3947290827E-04  -2.6108411404E-04  -3.7628595072E-06   1.1516883175E-03   1.0727556939E-03
   33      2.9533916025E-04   3.8266483469E-04  -1.0719329063E-04   5.6106919225E-04  -1.3046521537E-01
   34      8.1219399116E-05   1.5377845728E-04  -1.1511435435E-03  -2.6129002305E-04   1.0559213727E-01
   35      1.3624164578E-04   1.9948185076E-04  -2.5819997793E-04  -4.3914586679E-04   6.0459971051E-02
   36      7.2539975146E-05   4.8928013404E-04   7.3446930990E-05   9.6954162803E-04  -9.7303503462E-02
   37     -2.2615628401E-04   1.2460262809E-04  -2.8443530097E-04  -4.6181369789E-04  -4.6086964448E-02
   38      8.1529814045E-04   1.3413303767E-04  -6.9482701910E-05   9.1282457726E-04   9.3320703575E-02
   39     -2.2565015948E-04   1.2610439825E-03  -6.6680961794E-04   1.3982288581E-03   5.1366440866E-03
   40      6.1543660128E-04   1.2625654213E-04   1.2251165895E-04   1.0169390271E-04   5.0276972519E-04
   41      4.8985315108E-04  -1.1598910209E-03   3.1478617600E-04  -8.3864116005E-04  -2.6861821362E-03
   42     -2.3461654543E-03  -7.5219348395E-05   2.0545725593E-03  -6.1154638709E-04  -1.5484530715E-03
   43     -2.5512606969E-03  -4.3840705958E-04   1.5240846421E-03  -3.3532973732E-04  -1.4454265479E-03
   44     -1.7541465166E-03  -1.9106415419E-03   3.5358167104E-03  -7.7643177164E-04   2.3983974635E-03
                   25                 26                 27                 28                 29        
    0      2.7877512055E-02  -5.8752515846E-02   1.2296051780E-03  -2.5049091775E-04  -3.8597801900E-04
    1     -9.8486639393E-02   3.5293381483E-02  -1.4073018422E-03  -4.5233755968E-04   5.8048699009E-04
    2      2.6397176430E-02  -1.2353147906E-01  -3.6715383337E-04  -2.7864503095E-04   4.8907158748E-04
    3      2.2101470198E-02  -7.7206582876E-03   7.0643175587E-04  -1.3570951001E-04  -2.7123485637E-04
    4     -2.4105626149E-02   1.4814767544E-02   1.7056422348E-03  -5.7175588153E-04   5.0406838654E-05
    5      2.3904498712E-02  -1.0435714760E-03  -1.6133383051E-04  -1.1212309650E-04   3.1413985955E-04
    6     -9.2882944941E-03  -3.1443367548E-03  -7.9355740512E-04  -2.0861367390E-04   3.6774021108E-04
    7      1.1056207923E-02   8.7004360379E-03   2.5146029539E-04  -1.0293055022E-05   1.1548522766E-04
    8     -1.0095259359E-02  -2.1385630754E-03  -2.5060740687E-04  -3.4473963710E-04  -4.4624571468E-05
    9     -6.1288072226E-03   5.7928558271E-03  -1.9815075675E-02   1.5898328835E-02   8.0908009064E-04
   10     -3.0848172176E-02  -1.4762646568E-03   8.1024581881E-03  -4.8847933761E-03  -3.3411152692E-03
   11      3.0981289204E-03  -1.5633559554E-03   1.8199768285E-02  -9.8279348462E-03  -3.3328459210E-03
   12     -1.4078167252E-03  -5.9065073544E-03  -6.0515015943E-04  -4.7126545565E-04   6.3582357728E-04
   13     -4.7926209261E-03  -6.7657559104E-04   2.1807143548E-04  -2.5741994474E-04  -7.3972441215E-05
   14     -3.1142040324E-04   6.6416252332E-03  -4.5997057413E-04   1.0113239599E-04  -1.1974513547E-04
   15     -4.0527925642E-02  -1.6743717558E-02  -3.7090576363E-02  -7.9712980485E-05   1.6631650959E-02
   16     -1.3684313843E-01  -1.8038302833E-02   1.6351954571E-04  -2.7730060234E-02  -8.1051087698E-04
   17     -1.8812596672E-02  -7.2385476927E-02   7.9585906608E-03   2.3529163369E-04  -5.8318167285E-02
   18      2.6189233224E-03  -3.1833256786E-04  -3.1220951938E-05  -2.4311155939E-04   1.6216484274E-04
   19     -2.6398650159E-03   1.8783668667E-03  -1.3677670335E-03   2.0116184513E-05   8.4954998615E-04
   20     -5.7038172401E-04   4.6457180042E-04  -1.6158105007E-05  -3.1380008249E-04   8.0166980775E-04
   21      7.9440648168E-04  -4.8806658147E-04  -3.7179061280E-03   2.3690207813E-03   7.9226123268E-04
   22     -7.1520895048E-04  -7.9467209081E-04   3.0604998372E-03  -2.3998219023E-03  -3.4730873367E-04
   23     -5.6860468126E-04  -8.1075433260E-04  -3.4137537342E-03   9.2945918023E-04   2.2540017823E-03
   24     -5.3361142585E-02  -6.2967726130E-02  -1.9700476663E-02  -1.8099236432E-02   7.6235938892E-04
   25      5.5338561602E-01  -1.8675759022E-02  -7.6496295964E-03  -4.7102687643E-03   3.2403571801E-03
   26     -1.8675759022E-02   5.0333575944E-01   1.9551503434E-02   1.1035881068E-02  -1.8203237917E-03
   27     -7.6496295964E-03   1.9551503434E-02   3.3265605677E-02  -3.8248748245E-04   4.8101997074E-03
   28     -4.7102687643E-03   1.1035881068E-02  -3.8248748245E-04   4.5373297582E-02  -7.6708898213E-04
   29      3.2403571801E-03  -1.8203237917E-03   4.8101997074E-03  -7.6708898213E-04   5.5017005252E-02
   30      3.6789384408E-04  -1.2046549479E-02  -3.4700547843E-03   1.8518735065E-04   2.5819826011E-02
   31      3.4025107481E-03  -2.2893479759E-02   6.3840265233E-04   5.1938693570E-04   1.4718326361E-04
   32      3.4471904804E-03  -2.0737733325E-03  -2.0975396428E-03  -3.5402209943E-05  -1.8436024656E-02
   33      1.0848275213E-01   6.2026231024E-02   5.7365474973E-04  -2.0183415250E-04   9.7620711025E-04
   34     -1.7920622058E-01  -7.8632245046E-02   1.4160007580E-03  -2.0326746311E-04  -6.5992254810E-04
   35     -8.0007378497E-02  -9.1441531390E-02   5.4123185874E-04   5.7584121803E-04   6.8642993257E-04
   36     -4.2614217978E-02   9.2347322110E-02  -3.8608392418E-03  -2.7841977415E-03   1.0232650585E-03
   37     -8.1495746363E-02   7.6636319883E-02  -2.7400864400E-03  -2.3852755469E-03   1.5924414953E-04
   38      7.6203494317E-02  -2.0807450421E-01  -2.6611870741E-03  -2.2909365268E-04   3.0093952614E-03
   39      3.5991894959E-03  -2.7300604803E-03   6.1574557909E-02   5.1209804372E-04  -4.1649404508E-02
   40     -4.1162008502E-04   6.5294065922E-04   1.1404265227E-03  -4.3168055298E-03  -3.1567425041E-04
   41     -1.9553284075E-03   5.2141679807E-03  -5.1715959798E-02   2.5018717631E-04   2.1428136574E-02
   42     -3.3034305789E-03  -9.2158207596E-03  -8.2649978981E-03   2.7598646675E-03  -1.0632934086E-02
   43     -3.5892078615E-03  -9.3866095818E-03  -2.0170488477E-03   2.0092985550E-03  -7.4484486682E-04
   44     -3.7323022358E-03  -1.0772790902E-02   1.0231343333E-02   6.9875919847E-04  -1.9281186962E-03
                   30                 31                 32                 33                 34        
    0     -1.3847649719E-03  -1.9886629634E-03  -5.7025971874E-04  -1.0091896999E-02   4.0566927163E-03
    1     -1.3752571854E-03  -4.8014677905E-03  -8.4744541280E-04   1.6233194122E-02  -6.9156536799E-03
    2     -1.9264531093E-03  -8.2529311844E-04   6.1033991088E-04   1.2180580223E-02  -2.0895879934E-03
    3     -1.6145712076E-03   1.9949081530E-03  -1.7066550497E-04  -2.3210426062E-03   4.1567539836E-04
    4      2.6396380815E-03  -4.3045565068E-03   4.7191554596E-04   1.4611706138E-03  -6.3327907494E-06
    5     -1.5708291045E-03   1.4660104081E-03   3.4835235624E-04  -2.3726251023E-03  -2.7447031307E-04
    6     -5.6035105503E-04  -8.6676813789E-04  -2.1339528300E-04   9.2212626292E-04   2.9638981632E-04
    7      5.5188311336E-04   9.7639449264E-04   2.0550705405E-04  -6.2016719408E-04  -2.4851978631E-04
    8     -4.6731786917E-04  -3.8764211445E-04   2.7064295543E-04   5.8280230248E-05   4.1276194379E-04
    9     -4.3210026461E-03   7.9532820213E-03   1.7988804589E-04  -3.1051176607E-03  -2.2430811753E-03
   10     -4.0250828411E-04   2.7535400610E-03  -3.0925030712E-03  -2.8750139090E-03  -3.6721964861E-03
   11     -1.2240929309E-02   2.3363745593E-02  -3.0100320762E-03   1.3303265319E-04  -1.1752666994E-03
   12      7.5612424308E-05   7.7225380160E-04  -7.3545727403E-04   1.2612533324E-03  -7.6462779199E-04
   13     -3.9005232258E-04   9.3257368402E-04  -1.0140366954E-06   7.7680849822E-04  -8.6168189115E-04
   14     -4.4747557274E-04   6.0824037118E-04   2.6817035437E-04  -9.6188488678E-04   5.1794103966E-04
   15     -6.8948175837E-02   5.1722414379E-04  -9.6870852204E-02   1.1853835311E-02   1.1882169141E-02
   16      9.4986226940E-04  -4.8607045223E-02  -5.8278252697E-04  -1.4671245829E-02  -1.7113432175E-02
   17     -8.9575057973E-02  -9.5748881109E-04  -2.8586883157E-01  -5.9895231103E-03  -7.9141476686E-03
   18     -1.0582772653E-03   4.2632096141E-04  -5.0015768622E-04   5.6640366994E-04   4.4598090452E-04
   19      7.7547368660E-04  -6.7586582153E-04   2.6525041136E-04  -3.2555717066E-04  -6.3804150212E-04
   20      2.0491658548E-04   3.6550663133E-04   1.3947290827E-04   2.9533916025E-04   8.1219399116E-05
   21      1.5498132944E-03  -7.2514238758E-04  -2.6108411404E-04   3.8266483469E-04   1.5377845728E-04
   22     -1.3148858502E-03   1.5271071467E-03  -3.7628595072E-06  -1.0719329063E-04  -1.1511435435E-03
   23      6.2648664125E-04  -1.3632528028E-05   1.1516883175E-03   5.6106919225E-04  -2.6129002305E-04
   24     -3.8786687940E-03  -7.7791246618E-03   1.0727556939E-03  -1.3046521537E-01   1.0559213727E-01
   25      3.6789384408E-04   3.4025107481E-03   3.4471904804E-03   1.0848275213E-01  -1.7920622058E-01
   26     -1.2046549479E-02  -2.2893479759E-02  -2.0737733325E-03   6.2026231024E-02  -7.8632245046E-02
   27     -3.4700547843E-03   6.3840265233E-04  -2.0975396428E-03   5.7365474973E-04   1.4160007580E-03
   28      1.8518735065E-04   5.1938693570E-04  -3.5402209943E-05  -2.0183415250E-04  -2.0326746311E-04
   29      2.5819826011E-02   1.4718326361E-04  -1.8436024656E-02   9.7620711025E-04  -6.5992254810E-04
   30      8.1827198813E-02  -2.9485690953E-04   9.7985847775E-02  -3.2379259917E-04  -9.9770523444E-04
   31     -2.9485690953E-04   4.9509517794E-02   7.2033554675E-04   3.5803786372E-04  -4.9200423311E-04
   32      9.7985847775E-02   7.2033554675E-04   3.0194009640E-01   1.0001476297E-04  -1.3986746474E-04
   33     -3.2379259917E-04   3.5803786372E-04   1.0001476297E-04   1.4076629134E-01  -1.1582451707E-01
   34     -9.9770523444E-04  -4.9200423311E-04  -1.3986746474E-04  -1.1582451707E-01   1.9975981674E-01
   35     -2.3357363039E-04  -1.1378228897E-03  -1.1111060201E-03  -6.8272098471E-02   8.2810705525E-02
   36      1.0611078778E-03   9.7473893696E-04   2.0546282071E-04  -7.9352866698E-03  -7.1600951971E-03
   37      9.3446245927E-04   1.3897508947E-03   2.0890823212E-04   1.0811675409E-02   8.7336956994E-03
   38      2.1452183959E-04   5.5767014294E-04   9.4598412452E-04   8.0360099408E-03   5.2093380872E-03
   39      5.2301770870E-03  -3.1423249147E-04  -2.2637071314E-03   1.7379648996E-03   8.0683417085E-06
   40      9.4266890466E-04   4.4772581520E-04   3.8349730596E-04   1.0000910871E-03   7.3778820580E-04
   41     -1.4310398618E-03   2.7216030376E-04   1.8669110000E-03   1.3723527714E-07   1.1946527476E-03
   42     -4.1842503358E-03  -1.6729114929E-03   2.6144287181E-03  -3.8218424963E-03   1.6229398070E-03
   43     -2.5652734128E-03  -2.5775679975E-03  -8.8490434990E-04  -3.3980072434E-03   1.2771934897E-03
   44     -3.3876522001E-03  -1.4004156848E-03   2.9581093303E-03  -4.9922316051E-03   1.3506087425E-03
                   35                 36                 37                 38                 39        
    0     -1.2453101681E-02   1.2313861407E-02  -2.4512445913E-03   6.7293282770E-03  -1.0849807119E-03
    1      1.8340068434E-02   1.1209149687E-02  -6.1863988130E-03   1.1276601556E-02   1.0441852830E-03
    2      1.2447839283E-02  -1.9219285553E-02   1.0414705445E-02  -1.5900922699E-02   1.0075356126E-04
    3     -2.4079345977E-03  -1.8864064782E-03   6.9522509389E-04  -1.9539698910E-03  -5.9438712665E-04
    4      2.0154331321E-03   7.7122975066E-04  -4.6267717112E-05   9.1133466928E-05  -6.2500252936E-04
    5     -2.1985278971E-03  -1.7523369067E-03   8.8139029189E-04  -6.8967874143E-04   5.8933645939E-04
    6      3.6670354662E-04  -6.3866407485E-05  -1.6233823871E-04   1.7657563057E-04   1.6339689044E-03
    7     -1.0391775307E-03  -4.2948016528E-04  -1.2315292242E-04   6.4982498122E-04   1.3859884906E-03
    8      2.0953142955E-04   9.8035145689E-04   2.7628057899E-05  -2.7341865397E-04   7.5544659978E-04
    9     -2.7151335744E-03  -5.7394215109E-04  -1.2461372493E-03   8.3522236189E-04   3.4695302634E-03
   10      2.4996111099E-04  -6.3306028849E-05  -1.0017519984E-03   5.5288899761E-04  -3.5705205825E-03
   11      6.2842858189E-04  -1.3226479961E-03   2.2248870854E-04   3.1070932174E-04  -3.4475703272E-03
   12      9.9178701666E-04  -1.3661779305E-03   5.8239410942E-04  -1.1199967328E-03   1.9049570869E-03
   13      8.4624209966E-04   1.1886220584E-03  -4.3831100493E-04   3.1697626948E-04   6.9328444814E-04
   14     -1.2094134453E-03   1.5955117593E-03  -1.0339832455E-03   1.8201233207E-03  -5.2989043702E-04
   15      4.3503546553E-03  -7.2848608929E-03  -1.0090194511E-02  -2.2911231649E-03  -6.9404658395E-02
   16     -4.3050131407E-03  -6.1533704304E-03  -8.8393321673E-03  -5.2628038683E-03  -1.2711210499E-05
   17     -3.1802145910E-03   1.1944706414E-02   1.7902451032E-02   7.0271924307E-03   5.2946768682E-02
   18      2.9971677604E-04   2.9887874495E-04   2.2605464134E-04   1.1160417551E-03   7.8314506257E-04
   19     -1.5417858083E-04  -3.9289778671E-04  -9.5569891986E-04   6.0089989164E-04   1.1525907991E-04
   20      1.3624164578E-04   7.2539975146E-05  -2.2615628401E-04   8.1529814045E-04  -2.2565015948E-04
   21      1.9948185076E-04   4.8928013404E-04   1.2460262809E-04   1.3413303767E-04   1.2610439825E-03
   22     -2.5819997793E-04   7.3446930990E-05  -2.8443530097E-04  -6.9482701910E-05  -6.6680961794E-04
   23     -4.3914586679E-04   9.6954162803E-04  -4.6181369789E-04   9.1282457726E-04   1.3982288581E-03
   24      6.0459971051E-02  -9.7303503462E-02  -4.6086964448E-02   9.3320703575E-02   5.1366440866E-03
   25     -8.0007378497E-02  -4.2614217978E-02  -8.1495746363E-02   7.6203494317E-02   3.5991894959E-03
   26     -9.1441531390E-02   9.2347322110E-02   7.6636319883E-02  -2.0807450421E-01  -2.7300604803E-03
   27      5.4123185874E-04  -3.8608392418E-03  -2.7400864400E-03  -2.6611870741E-03   6.1574557909E-02
   28      5.7584121803E-04  -2.7841977415E-03  -2.3852755469E-03  -2.2909365268E-04   5.1209804372E-04
   29      6.8642993257E-04   1.0232650585E-03   1.5924414953E-04   3.0093952614E-03  -4.1649404508E-02
   30     -2.3357363039E-04   1.0611078778E-03   9.3446245927E-04   2.1452183959E-04   5.2301770870E-03
   31     -1.1378228897E-03   9.7473893696E-04   1.3897508947E-03   5.5767014294E-04  -3.1423249147E-04
   32     -1.1111060201E-03   2.0546282071E-04   2.0890823212E-04   9.4598412452E-04  -2.2637071314E-03
   33     -6.8272098471E-02  -7.9352866698E-03   1.0811675409E-02   8.0360099408E-03   1.7379648996E-03
   34      8.2810705525E-02  -7.1600951971E-03   8.7336956994E-03   5.2093380872E-03   8.0683417085E-06
   35      9.4295050490E-02   1.6053019864E-02  -1.9465774379E-02  -1.1672802191E-02   5.6575459107E-04
   36      1.6053019864E-02   1.0605254218E-01   4.7741451613E-02  -9.9621977291E-02   1.1541578513E-03
   37     -1.9465774379E-02   4.7741451613E-02   8.9506579087E-02  -8.4970208837E-02   1.9884510001E-04
   38     -1.1672802191E-02  -9.9621977291E-02  -8.4970208837E-02   2.2451372657E-01   1.7934838264E-03
   39      5.6575459107E-04   1.1541578513E-03   1.9884510001E-04   1.7934838264E-03   1.8938028460E-01
   40      1.1021310320E-04  -2.4598421385E-04   3.0617487481E-04  -1.3960201528E-04   1.1255321292E-05
   41      5.5703638283E-04  -1.2183934351E-03  -3.9642315710E-04   1.3845983486E-05   2.4674191605E-01
   42      4.7528238811E-04  -1.0949449600E-03   1.0243886973E-03  -4.4783305552E-03  -2.0218240550E-01
   43      9.8865064360E-04  -1.6772237076E-03   1.8201701983E-03  -4.7177866442E-03  -4.9039529730E-03
   44      2.2921836558E-03  -2.2865154391E-03   3.1373808946E-05  -2.7577732358E-03  -2.5198041972E-01
                   40                 41                 42                 43                 44        
    0      3.7757630389E-04   1.2588146911E-03   1.4425990829E-03   2.5359389870E-03   2.0413613968E-03
    1      7.6930509120E-04   4.1396600872E-04  -1.4199008820E-03  -7.2470305716E-03  -3.0402291039E-03
    2      4.5339393496E-04  -9.5998178400E-05  -9.4203013177E-04  -2.9096948232E-04  -3.6359468306E-03
    3      8.1225996555E-05   1.1252085500E-03   1.1403217686E-03  -3.5539755917E-04  -2.9035748974E-04
    4      2.1013069984E-04   3.7672774184E-04  -5.5645469654E-03   2.2959677016E-03  -5.4789465912E-03
    5     -7.6405392129E-04   4.5861113306E-04  -3.4137626149E-03  -1.6299737871E-03  -2.8960686983E-03
    6     -6.4043812973E-04   1.3031777763E-03  -5.8031139622E-03  -6.4633042499E-03  -6.7491223688E-03
    7     -5.5588938989E-04   1.5268387314E-03  -2.7310046003E-03  -1.0366151807E-03  -3.8618890246E-03
    8     -2.5245850835E-05   8.2414095590E-05  -2.6136261727E-03  -3.9901848703E-04  -2.5192922466E-03
    9     -1.7848053126E-04  -2.7350252444E-03   8.5044133889E-03   9.9966563290E-03   1.0683603423E-02
   10      1.5825932195E-04   2.5735212902E-03   1.0266759722E-03   3.6953319421E-03   1.5820229549E-03
   11     -4.6748033601E-04   4.4267083908E-03  -3.3863614291E-03  -8.5578107694E-04  -5.3698526072E-03
   12      8.1731939420E-04   1.9098074911E-03  -6.4921755093E-04  -2.9491550305E-03  -2.7554427909E-03
   13      1.3574463151E-03   1.2718788694E-03  -6.2453913191E-03  -3.2855232771E-03  -4.0296808853E-03
